818
409.737 232.541 228.98 234.537
413.229 224.789 411.673 228.994
410.851 209.548 412.066 223.313
227.164 227.345 229.148 232.796
218.054 227.82 224.198 227.963
409.531 225.38 229.905 226.367
411.644 223.276 399.5 223.522
223.251 223 232.343 223.316
400.205 110.503 399.827 167
406.979 110.675 401.051 115.447
406.523 106.85 413.797 108.799
405.298 104.161 406.063 116.484
425.188 107.633 412.26 110.487
410.417 112.892 406.881 113.496
411.876 113.801 411.806 150
418.253 127.273 391.12 132.975
406.114 125.374 405.719 150.5
396.471 162.325 410.454 162.974
460.996 186.45 478.003 186.889
310.09 109.183 359.378 110.425
359.676 111.596 362.772 111.625
366.456 107.951 364.288 118.881
365.037 105.054 367.223 107.361
364.392 104.514 360.56 105.178
359.002 105.493 354.333 109.185
360.729 104.903 358.344 108.245
365.494 118.529 366.09 154.997
362.433 123.875 362.897 153.757
359.712 153.916 359.979 171.909
362.717 155.261 362.987 189.317
250.035 154.658 276.53 154.693
278.461 155.381 278.228 167.005
279.985 153.419 279.786 159.084
282.03 155.055 281.707 163.171
277.981 170.921 272.5 171.014
274.019 170.205 246.31 171.058
244.494 155.571 244.451 169.494
244.904 153.992 249.429 155.001
395.221 164.519 394.33 180.964
393.454 176.113 391.462 178.349
389.678 172.999 389.56 196.998
64.9991 327.923 41.2972 328.213
40.2394 327.949 39.4256 332.09
443.983 180 443.695 201.501
466.584 181.474 465.875 213.989
442.967 101.532 436.244 103.212
443.543 102.332 445.401 105.672
445.07 107.456 444.857 165.999
434.168 98.2712 435.966 100.979
415.838 101.241 431.327 102.391
426.361 102.971 434.055 106.461
435.965 109.656 435.98 121.609
401.081 102.239 422.972 102.765
400.63 101.305 404.871 103.13
352.002 97.7474 405.761 98.1781
212.704 99.8498 377.998 100.238
365.007 100.693 399.658 101.439
223.998 96.8815 136.338 98.0118
131.844 99.4563 142.944 103.146
132.578 97.3478 129.868 102.564
130.562 103.037 132.291 228.409
132.383 231.069 135.225 231.918
128.109 228.24 61.2092 259.764
102.014 236.679 50.2167 262.481
60.1642 261.064 1.09078 291.097
225.938 190.348 135.369 227.685
228.145 192.903 221.321 196.159
235.384 188.389 222.529 193.392
179.709 101.147 137.617 101.202
175.223 99.8587 182.722 99.9541
181.213 101.673 191.746 101.966
214.994 99.7302 193.326 101.636
200.824 101.586 210.771 104.44
207.428 105.293 219.529 105.664
304.15 107.699 172.99 107.715
306.218 103.317 253.589 103.686
170.418 106.472 173.967 109.352
211.269 103.686 230.019 104.161
232.873 102.142 217.409 102.23
317.491 102.729 324.99 102.827
428.359 90.9265 428.554 97.0978
426.134 87.0907 425.903 99.0071
438.527 80.3366 426.775 87.7578
498.667 49.3612 405.339 91.8692
412.083 84.6814 397.064 86.5003
396.211 90.0088 401.997 91.08
338.877 88.6007 395.025 90.22
368.244 84.7533 335.31 86.8238
344.388 84.0094 340.494 85.0939
413.748 0.399716 331.617 86.7624
445.254 257.073 498.488 290.687
464.006 174.422 483.487 175.879
479.826 159.497 479.282 236.484
452.004 162.813 499.004 163.337
455.63 120.517 454.644 180.009
456.377 119.124 442.597 122.423
466.508 116.815 457.621 117.504
482.903 113.522 468.3 116.43
498.906 109.522 482.092 112.818
480.039 109.158 479.981 142
467.663 113.101 467.636 143.501
489.491 137.56 468.709 138.952
480.769 188.303 498.953 190.406
477.22 212.024 499.076 217.709
494.619 185.275 493.342 214.351
494.651 217.542 493.506 240.785
466.953 159.999 466.871 179.979
411.803 150.998 411.509 168.493
179.566 22.4437 189.645 41.6334
182.559 16.2675 180.052 21.8125
183.44 14.4627 185.953 21.6185
187.923 25.9552 189.331 38.5838
176.544 5.9423 186.042 13.6598
171.221 -0.0890816 174.782 2.52955
184.325 36.253 185.392 41.0197
184.877 42.5593 199.149 49.9422
187.31 41.7982 197.027 48.0103
205.128 46.9757 200.391 49.5749
215.377 44.672 212.77 48.5245
221.659 40.9926 217.385 43.4451
128.51 76.7534 151.021 77.2539
330.621 74.4571 134.207 80.9379
128.117 80.1206 132.61 81.0793
411.955 162.917 451 163.11
216.624 115.75 227.47 126.008
213.928 113.004 228.206 116.361
228.85 113.908 231.608 117.459
238.505 116.6 232.617 118.036
294.38 126.63 212.527 127.566
296.051 126.138 300.619 127.107
301.23 126.038 339.147 127.281
310.257 108.628 299.063 119.232
358.268 119.194 301.189 123.766
388.879 207.23 389.568 218.967
388.26 204.926 385.924 206.219
390.135 221.437 393.509 221.876
394.496 219.3 392.639 220.967
393.316 208.657 394.33 217.554
376.398 219.82 398.324 224.267
389.057 220.785 373.477 222.114
435.285 157.502 434.629 184.761
436.057 177.792 432.598 181.835
422.067 181.626 438.995 182.153
419.159 176.86 429.855 180.435
426.821 139.498 426.476 180.154
426.716 170.934 422.824 174.099
393.851 104.009 394.87 121.002
467.014 145.001 467.092 159
478.895 67.4575 478.359 86.6089
476.294 65.337 466.317 71.6604
466.15 72.1133 466.312 91.6051
477.693 88.1628 469.112 92.2795
206.643 139.136 207.444 186.855
203.927 190.072 193.968 193.909
217.851 186.298 198.582 195.929
220.863 187.986 209.315 195.318
230.237 177.78 219.258 185.657
244.232 175.903 229.33 176.913
224.235 141.812 229.496 173.713
242.011 180.11 225.49 181.155
251.199 172.37 248.285 175.684
244.244 180.315 236.607 190.82
238.262 187.573 235.345 189.908
490.952 175.969 485 176.017
495.072 164.169 494.549 183.787
499.526 176.078 491.38 177.249
385.265 185.228 384.563 209.993
480.649 143.001 480.219 158.001
350.149 248.621 389.864 285.184
211.068 245.214 350.396 245.666
211.135 245.738 196.462 269.984
197.521 269.245 191.458 275.727
189.541 275.82 182.055 277.088
180.915 276.4 179.516 277.585
384.283 280.818 405.903 302.062
405.657 302.911 426.292 319.913
427.225 320.313 438.236 331.79
399.957 174.001 399.144 219.108
406.049 188.396 400.713 195.699
405.437 158 405.45 193.925
494.866 131.495 493.763 160.991
426.2 182.647 425.754 203.495
427.152 191.027 425.699 199.212
410.219 197.252 442.495 204.233
435.05 186.274 433.141 233.916
435.761 222.456 442.065 225.707
443.221 224.304 443.16 241.052
409.912 194.425 406.658 196.845
411.591 176.997 411.343 202.134
406.33 177.672 410.256 181.54
413.998 179.94 406.488 180.198
405.07 196.395 404.532 205.524
405.904 199.51 404.35 219.488
418.9 124.16 418.902 167
454.414 180.997 454.715 211.043
445.277 183.8 458.039 185.745
447.826 205.764 458.078 207.62
450.664 203.354 445.08 206.346
443.87 205.361 442.824 211.972
443.787 209 443.62 220.375
446.387 220.94 446.874 225.515
446.738 226.679 463.398 232.151
454.19 212 453.373 245.24
411.75 169.999 411.885 176.003
490.201 198.916 498.917 201.368
458.759 207.795 471.733 210.999
456.504 173.914 462.514 174.202
399.959 168 400.011 173
404.521 178.188 396.196 178.388
389.547 143.323 389.722 172
459.224 188.597 485.289 197.151
466.277 215.504 465.491 230.602
315.025 140.164 313.782 165.837
303.171 138.844 317.076 138.916
331.335 131.054 290.226 136.783
307.751 140.662 306.542 151.107
307.766 148.993 307.314 163.27
294.749 164.034 305.449 164.893
324.808 135.37 318.503 139.149
330.615 130.635 323.772 133.71
310.413 166.246 312.523 174.087
311.389 176.96 310.506 181.291
308.41 175.864 309.369 181.723
297.635 171.716 306.204 172.814
293.144 164.855 293.309 170.851
293.863 149.307 294.309 163.015
312.427 188.643 249.359 189.149
244.58 186.299 242.571 195.15
313.183 187.943 322.976 191.723
321.791 192.927 328.064 193.4
106.354 -0.0611445 173.705 71.0175
193.96 67.8166 173.092 69.9158
220.82 70.4987 194.858 71.9408
238.438 71.5233 213.108 73.124
204.332 73.7145 214.569 74.159
202.815 73.4953 177.251 74.8008
182.041 77.429 151.844 77.7879
218.784 75.819 200.778 76.9194
394.529 128.004 394.75 152.512
187.519 83.4345 200.565 95.9637
435.794 125.963 435.035 155.996
438.136 123.46 419.89 126.232
443.434 120.528 437.094 124.812
394.89 122.002 394.983 127.002
389.895 127.998 389.666 142.509
79.4748 329.159 102.011 329.672
78.1546 329.849 75.2399 332.06
405.944 152.001 405.859 156.501
157.022 0.149866 159.672 3.72942
157.565 4.95356 166.376 12.7539
161.579 1.68123 167.732 14.1624
161.229 4.52271 175.257 14.4233
164.271 3.61277 169.787 8.05794
170.946 11.5068 174.054 11.6833
169.065 17.0583 175.871 19.1532
394.556 153.991 394.259 163.502
479.987 90.9946 480.064 107.63
491.507 84.8444 480.378 89.4694
494.314 86.7887 494.866 108.063
382.07 162.497 394.965 162.537
472.578 211.606 475.741 211.931
479.369 209.135 478.422 211.986
426.044 205.003 425.791 224.802
388.772 105.93 389.787 127.001
444.426 166.994 444.142 179.273
436.034 183.112 442.039 183.667
117.038 282.356 97.5559 283.33
125.284 277.516 122.408 279.114
496.5 207.954 499.06 208.72
436.289 230.206 438.044 239.061
420.623 234.497 446.022 244.571
420.068 232.418 423.961 234.184
418.465 213.955 418.04 230.522
418.672 194.01 418.186 212.286
426.443 226.339 425.611 235.308
191.732 279.15 157.637 332.291
493.224 243.678 494.258 262.944
492.65 256.589 494.631 264.327
482.633 260.842 498.938 268.211
166.47 263.155 131.646 299.661
141.106 289.192 136.837 291.009
180.607 247.385 167.345 261.678
114.967 244.624 179.526 244.929
108.555 246.321 102.194 250.011
144.539 242.544 106.904 243.378
105.693 243.71 96.8694 248.894
105.354 245.739 101.591 248.375
105.858 250.365 93.4511 254.56
129.313 245.368 107.886 252.306
92.8268 256.525 91.4324 258.884
97.2301 246.212 61.9332 266.183
113.189 236.76 98.3727 244.259
65.5405 266.627 21.8264 290.874
162.23 262.506 150.413 263.154
148.127 266.161 142.81 268.929
131.419 301.118 126.769 307.142
128.039 304.338 119.354 311.308
118.284 310.927 110.959 312.423
105.855 304.677 105.816 310.383
106.089 302.958 102.272 305.514
105.428 302.28 123.598 302.496
122.225 304.209 116.402 305.394
112.161 305.948 110.221 309.98
495.049 111.987 495.001 131
499.446 136.517 489.936 137.273
28.1461 327.394 5.30387 328.544
3.66842 328.956 3.28256 331.71
45.9964 300.627 64.0352 301.141
45.663 301.623 44.1936 305.082
44.0216 302.083 42.2151 306.174
275.99 167.444 265.659 168.174
460.895 140.351 421.968 144.715
182.147 127.664 182.827 198.78
137.029 108.785 178.348 126.896
134.276 103.213 137.596 108.004
183.02 199.74 136.899 221.876
394.679 181.996 394.259 204.999
394.45 206.562 390.697 207.181
384.688 109.431 385.173 153.998
486.049 197.15 489.342 198.485
10.064 312.973 0.000298299 313.043
37.4314 300.214 12.0107 312.866
18.6652 308.72 6.60609 309.15
48.6274 293.43 25.4737 299.542
31.3681 300.549 14.8264 300.679
13.5749 300.907 9.16672 302.736
7.55204 303.031 -0.323222 307.537
367.009 236.302 403.453 239.418
402.788 236.78 436.79 249.348
436.491 251.472 439.677 254.38
438.539 255.029 440.005 268.466
438.725 269.767 441.369 271.191
441.93 270.477 445.105 270.518
442.647 257.082 444.756 267.698
443.769 80.4886 444.648 96.6334
452.119 75.7883 444.833 79.62
454.672 77.0062 454.981 93.2172
454.824 94.8542 455.128 111.758
455.993 96.3684 445.439 99.9902
384.816 211.001 384.525 219.788
418.47 176.004 418.231 193.002
135.501 291.72 118.844 292.297
114.67 294.045 110.367 298.381
384.919 158.499 384.751 183.72
418.592 168.487 418.189 174.999
414.951 180.401 420.672 180.799
469.259 197.816 478.58 202.391
406.101 118 405.842 123.993
411.562 203.465 410.756 208.964
48.6153 312.677 26.4772 313.065
26.6344 314.12 24.5676 319.061
22.5131 318.569 18.4482 321.016
43.7694 308.336 55.9105 309.096
68.3655 300.022 57.3649 307.907
79.3141 293.059 59.459 297.817
75.1092 293 65.2878 296.781
68.3804 293.778 64.773 296.421
60.3557 291.713 59.6009 295.671
64.1567 290.719 58.9985 291.189
79.2643 290.332 64.9994 290.987
93.9289 282.452 80.9263 288.636
96.8867 278.256 91.0174 279.152
85.4695 275.333 85.1669 279.147
90.414 282.023 75.499 282.224
366.056 156 365.997 190.5
493.796 61.5511 494.853 81.1733
499.018 55.4559 494.814 57.2036
28.7164 329.244 25.1949 332.069
373.099 158.001 372.865 209.975
369.351 140.255 369.575 180.989
368.705 132.356 369.604 140.256
219.724 145.398 219.817 181.489
375.773 110.002 376.83 128.01
378.829 108.476 370.593 112.165
50.4393 281.862 61.1794 282.004
69.1357 277.696 62.3204 278.382
77.7604 274.766 70.6782 277.736
97.8955 264.245 89.0617 265.324
73.708 266.724 82.5043 267.438
76.2099 273.577 63.5977 274.428
56.2192 275.58 49.8839 279.397
48.6439 281.433 46.7114 284.472
45.9592 281.925 26.1841 292.614
49.4476 290.155 32.932 290.402
65.9589 283.273 43.6148 288.487
32.8568 291.895 30.7449 294.86
372.791 122.134 372.961 156.499
303.976 79.053 236.383 79.2056
376.803 129 376.782 193.5
380.796 129.501 380.501 214.735
469.367 234.105 491.783 241.751
466.385 235.278 465.7 241.085
464.647 236.057 466.184 252.261
461.419 252.093 472.866 254.663
469.837 255.756 476.653 258.568
337.42 237.189 345.662 243.87
76.4936 301.55 95.0737 302.022
75.7063 301.35 72.7048 309.295
65.9228 329.311 64.4846 332.252
379.892 108.496 380.847 128.498
285.585 138.938 245.003 139.315
292.714 138.261 301.696 138.597
243.492 137.986 239.659 140.006
494.617 243.2 498.849 243.572
415.911 79.2329 410.067 81.9598
450.229 61.3655 414.454 78.8356
442.671 67.6406 424.878 70.5137
461.878 56.6009 452.044 61.4849
465.01 53.5371 448.683 60.7871
499.075 36.9252 463.224 55.9548
488.875 39.956 486.202 41.4211
482.391 44.1832 471.173 48.7382
427.013 67.424 400.649 71.5776
434.498 76.3342 407.329 83.643
287.962 32.8162 290.946 48.1102
281.193 32.5642 307.969 33.3931
276.34 32.8395 267.438 34.1001
262.523 32.4125 245.618 32.9847
279.242 33.7611 281.099 37.436
287.958 43.9607 288.212 49.0396
60.5857 323.231 65.7435 323.256
72.7792 323.368 66.8215 323.939
81.9357 315.509 73.7943 322.254
57.9099 322.622 61.0042 323.767
376.823 194.999 376.455 214.122
372.513 211.239 376.542 216.978
125.048 298.728 129.528 299.313
128.119 294.805 122.293 297.948
121.286 298.363 118.325 298.409
76.5817 309.015 80.9042 309.22
87.2314 309.906 81.2325 309.988
96.9422 302.943 88.386 309.186
464.899 94.9656 457.513 96.1459
466.48 97.7237 467.217 111.524
347.997 97.8803 340.001 98.0518
406.426 82.236 371.158 86.1158
90.2555 291.572 106.839 291.816
100.373 287.131 108.47 290.906
116.729 285.219 113.073 287.902
108.996 287.865 102 287.998
100.987 283.653 98.4046 287.352
223.263 201.712 198.706 226.326
192.281 226.052 198.286 226.374
466.023 140.256 461.057 140.429
211.019 1.15042 216.963 1.36809
219.752 0.826905 222.847 9.50248
209.981 0.250829 213.042 6.08395
191.122 118.987 191.386 127.386
192.092 118.338 207.535 118.646
208.033 118.404 213.649 118.74
60.7719 315.909 57.025 321.152
60.6682 313.771 54.2343 321.939
61.5723 313.584 79.6542 313.858
58.3402 314.512 53.1351 318.087
290.1 152.001 290.2 168.411
281.244 169.363 287.581 170.709
196.163 312.658 187.791 331.858
214.768 310.291 197.015 310.709
404.15 304.178 187.757 306.377
355.948 306.049 342.52 306.678
184.253 310.02 171.397 332.433
370.493 217.606 233.692 218.202
315.248 216.775 318.519 218.393
121.381 312.216 107.42 325.512
103.475 324.154 97.3913 325.017
89.7291 323.703 97.2944 324.201
418.873 291.728 436.506 297.255
424.479 290.702 428.715 293.951
414.446 286.056 418.122 290.702
436.923 299.23 438.818 303.061
438.744 302.127 444.88 305.016
445.156 306.152 451.331 314.303
368.569 210.811 235.699 211.433
234.342 211.439 229.924 221.214
230.958 214.499 226.56 218.578
226.673 216.098 216.822 225.464
369.98 209.786 372.295 211.931
389.649 197.486 389.237 204.971
253.607 26.4974 280.456 27.0031
283.934 27.3785 297.457 27.4686
303.421 23.3609 298.664 27.5502
249.578 23.3912 253.357 25.983
246.501 18.2974 249.394 21.6109
257.916 17.1194 253.812 19.0297
261.806 14.4877 259.468 16.8769
253.697 10.5799 266.048 14.3908
273.748 9.39838 267.702 14.0056
279.366 7.32778 275.349 9.03998
-0.221572 49.8754 115.538 99.9892
116.096 103.738 116.852 222.718
427.054 127.5 426.968 138.001
455.22 113.406 456.177 116.802
154.158 325.625 147.54 329.292
157.682 325.429 155.016 325.509
31.6925 321.818 26.4762 322.524
36.5805 322.09 33.3326 322.692
48.7447 314.797 37.8207 321.665
18.076 322.364 25.7199 323.018
97.2069 297.665 89.4944 297.746
107.962 293.19 99.03 298.549
88.7393 292.489 85.4652 297.621
481.234 202.796 491.926 206.965
321.658 229.779 325.978 231.075
406.054 231.637 471.577 266.014
463.752 263.436 498.723 285.162
132.965 82.5 132.986 99
226.818 0.0721682 237.424 26.8862
244.901 18.9183 242.924 24.6339
101.096 274.385 86.9143 274.662
109.04 270.894 95.6792 272.163
151.464 71.9731 158.121 72.4192
163.388 70.3155 148.491 72.0588
189.271 72.5623 166.658 73.0419
156.518 74.013 175.886 74.7968
212.658 143.547 212.871 185.575
359.435 94.3521 376.409 94.9012
358.264 94.8874 345.947 96.2886
408.014 169.844 434.495 172.262
125.5 274.817 110.904 274.901
118.666 272.07 129.223 272.371
136.375 269.529 130.731 272.134
109.738 278.836 112.599 280.027
145.598 283.033 128.98 283.594
127.435 283.303 122.853 289.257
458.214 194.019 463.833 196.01
368.966 113.964 368.686 124.54
372.302 113.016 372.692 120.644
368.868 126.277 368.977 130.86
143.964 104.52 188.204 126.713
333.504 69.312 321.273 69.7227
340.96 64.2194 336.022 75.3855
342.949 59.8542 339.735 62.6388
338.671 61.952 308.453 62.2098
305.633 53.369 300.13 63.9227
313.106 48.5133 305.602 52.005
301.503 53.1994 297.586 65.64
336.453 75.9991 335.515 79.0433
319.696 67.4163 301.608 68.973
301.83 67.1825 290.067 68.4433
305.476 78.9543 329.448 79.0158
232.374 30.0795 239.127 50.1323
234.414 32.1301 236.574 39.3516
226.428 20.8688 235.493 30.6581
226.4 25.7908 239.026 35.9673
218.299 19.2426 221.464 24.3357
193.468 0.470476 212.676 14.9651
239.921 51.7515 240.633 62.8983
236.312 60.9606 228.637 61.3665
322.45 -0.0552951 319.691 12.4249
281.236 220.892 318.619 221.264
360.041 118.942 356.067 138.533
362.237 116.555 350.837 121.961
360.163 130.73 359.927 136.698
357.243 142.416 357.062 149.935
200.583 313.138 191.328 331.729
209.804 309.799 203.155 313.032
138.929 39.7577 158.311 58.1963
331.485 88.7445 337.771 93.4511
337.976 92.3802 355.271 93.4932
283.499 131.881 235.486 133.167
231.265 132.287 235.314 134.219
192.908 127.983 213.456 130.027
191.678 127.802 197.822 131.937
213.173 132.537 229.688 133.467
369.606 182 368.844 208.078
223.495 53.3227 216.505 57.6974
222.406 41.2057 226.625 45.6589
215.847 59.4909 212.811 59.8042
213.065 56.8797 209.501 61.1592
207.834 60.6205 209.201 63.4911
203.187 59.8562 203.906 65.5457
366.201 192.006 365.953 196.468
215.656 282.04 205.338 296.634
217.667 282.123 210.804 284.26
492.642 137.668 493.762 139.835
310.086 31.9954 303.022 36.4986
314.313 30.5833 308.671 44.8588
320.422 26.0373 311.174 33.764
310.197 35.2565 308.573 41.1363
300.869 44.5564 294.129 48.5852
303.033 47.3581 293.067 48.4478
427.222 219.682 431.073 221.875
286.502 96.6004 224.81 97.2246
296.608 116.777 263.652 118.132
269.592 115.632 253.235 115.885
106.501 261.752 117 261.902
125.087 258.822 118.217 260.567
224.633 148.554 224.857 178.479
225.443 146.17 230.713 146.707
229.703 144.781 225.203 144.794
232.901 141.828 243.861 151.289
230.401 136.274 230.269 141.165
239.534 141.661 249.436 151.008
198.984 133.617 223.326 140.693
446.764 245.565 451.35 247.95
452.4 248.116 457.91 249.984
442.317 248.203 499.099 274.655
499.021 256.316 496.028 256.519
402.175 104.962 403.071 111.449
399.953 103.448 399.813 110
450.432 191.849 449.024 202.438
453.458 197.471 452.414 203.38
279.983 37.0656 277.305 40.4818
280.963 39.1138 283.892 44.3657
275.689 39.8424 268.871 40.4183
270.523 42.5443 267.902 46.2029
271.69 45.6484 271 55.1176
110.534 267.803 96.3411 268.391
118.79 263.524 111.659 266.664
155.074 274.393 147.094 275.899
303.026 4.85341 286.626 5.1477
281.832 1.12382 285.543 3.84722
423.322 304.773 452.182 330.769
410.333 290.136 421.626 304.347
394.699 278.276 409.395 289.149
388.972 274.106 399.033 277.791
371.888 259.446 385.447 271.816
388.886 261.977 375.56 262.587
364.15 254.755 370.495 258.945
400.606 277.845 404.975 278.886
405.167 279.673 411.552 282.874
239.885 107.057 240.173 117.614
99.0436 3.87826 103.164 8.39293
94.9361 2.95794 102.406 3.59812
107.146 6.56506 115.585 15.2571
13.8362 302.782 11.7803 305.428
209.048 285.092 203.621 296.577
358.82 74.4195 351.421 79.8259
381.957 69.559 360.504 75.222
390.282 64.7141 382.83 65.455
417.924 57.5398 396.959 62.5282
352.042 80.9439 347.56 81.7878
0.441439 36.26 129.553 98.2815
358.462 102.41 333.513 104.362
136.502 275.276 145.511 275.404
426.829 314.392 445.111 330.164
258.11 108.999 258.469 113.019
255.972 112.75 264.918 113.438
252.839 109.033 254.465 114.769
235.815 220.945 279.738 221.089
181.791 2.64994 192.741 13.5014
192.732 15.2833 197.071 21.542
195.097 22.7429 197.647 24.6453
192.4 25.9066 199.726 26.1541
353.06 219.91 340.842 220.002
418.993 109.555 418.601 123.083
293.114 175.887 253.837 176.038
135.247 268.206 120.513 269.192
137.912 265.351 126.052 266.257
288.882 22.0514 287.858 26.4136
295.333 14.1744 291.356 18.8202
293.264 18.5878 292.881 24.2588
346.979 106.781 351.491 107.121
481.272 242.499 481.236 247.013
480.269 240.496 478.476 257.243
430.64 234.528 428.782 236.995
414.129 95.8385 411.274 99.3634
423.502 86.7552 413.471 93.4776
397.411 219.645 402.034 221.316
234.372 102.209 255.501 102.252
245.05 224.013 254.506 224.465
326.475 3.95194 323.75 13.6471
330.79 0.849091 328.702 6.29223
324.84 15.2999 324.329 25.7472
330.866 19.4463 316.234 33.7309
334.52 20.8545 328.523 31.2756
327.357 29.2208 322.718 36.8383
323.045 39.3948 319.124 43.9415
321.327 46.4745 310.104 54.508
323.061 44.1918 314.721 48.4155
311.467 46.4003 307.831 54.4357
112.273 110.002 113.26 231.553
396.797 146.947 390.84 147.665
467.974 240.946 477.204 241.866
314.408 12.3093 313.647 21.318
311.097 10.7824 313.952 12.2962
435.242 86.455 435.073 97.0572
269.878 109.48 269.769 114.158
420.911 144.614 413.161 145.688
145.999 268.689 158.104 268.869
287.929 192.237 292.604 193.523
257.46 194.239 302.556 195.534
262.203 196.324 236.667 197.152
235.191 191.688 230.516 197.534
232.443 192.171 228.279 196.769
301.986 236.487 298.466 236.924
345.645 221.601 351.654 221.766
13.6113 314.498 0.701366 322.24
221.22 15.3796 226.952 20.5258
217.064 12.0226 221.563 14.6791
214.173 7.15429 216.92 10.6567
418.603 92.9989 419.018 99.0255
409.731 87.8245 403.023 93.3946
229.066 49.8188 231.526 59.8331
230.729 43.8663 230.915 48.2927
204.447 297.826 210.481 298.265
212.545 298.628 221.23 299.218
219.819 282.938 213.11 296.377
226.513 287.449 222.096 297.106
234.456 280.333 225.457 280.396
223.925 282.571 232.69 283.262
355.416 171.974 356.44 183.364
351.953 164.275 350.903 187.008
351.926 153.401 351.748 160.967
354.292 184.777 353.94 192.005
354.342 192.298 351.946 200.947
349.904 202.431 334.835 204.294
354.746 205.318 317.099 207.217
364.571 207.314 354.963 207.594
311.208 208.581 333.992 208.884
300.58 203.107 309.173 209.236
297.279 197.884 301.563 202.176
493.297 1.73531 475.921 5.35214
474.282 3.37802 469.992 4.67901
445.382 3.95695 468.563 4.81804
443.804 3.31594 437.553 3.76736
442.768 7.82242 419.345 10.1725
418.352 9.66223 404.321 20.8338
402.436 20.6819 398.044 22.0029
114.945 313.739 89.8473 315.04
90.2023 313.461 82.4232 320.899
450.583 175.016 449.668 180.964
145.569 279.644 136.653 280.137
341.273 308.982 308.388 310.305
350.49 308.555 339.911 308.677
315.753 34.9481 312.165 45.0585
315.806 165.726 330.588 166.039
212.226 191.121 208.391 193.482
283.062 8.92931 281.521 13.1203
288.116 9.54106 287.803 15.3301
359.659 199.429 356.564 203.683
363.045 194.014 359.227 200.584
423.767 296.917 434.483 305.204
433.536 306.106 441.687 312.487
441.972 314.297 442.353 319.671
101.092 307.115 93.605 308.035
391.121 0.179499 371.35 24.8559
370.149 28.0762 356.911 42.6635
374.99 28.4229 369.148 29.5628
361.092 41.0879 357.079 56.9178
446.397 207.026 445.36 218.996
32.9751 316.021 32.3889 320.485
106.633 258.104 84.7851 262.642
93.6799 256.114 107.374 256.321
88.3219 258.386 80.6304 263.287
298.1 200.889 237.912 202.129
236.032 200.738 233.032 205.934
285.343 163.171 288.232 163.938
279.619 66.0436 248.82 67.1268
288.832 68.8983 266.594 71.0966
246.762 115.81 256.677 124.961
222.63 262.369 216.944 272.92
234.537 262.009 229.897 262.641
228.853 263.947 224.889 273.683
68.4878 316.696 65.4084 320.447
76.2757 316.694 68.7363 318.024
274.235 4.68303 265.379 4.92191
91.7321 316.139 90.0992 321.919
113.001 256.208 121.987 256.655
130.607 253.701 123.528 257.007
142.462 246.529 125.755 254.516
239.763 37.1897 244.473 55.2201
242.462 51.0312 245.128 60.6889
246.61 59.5247 256.92 59.8311
267.142 61.2301 254.702 63.4779
276.37 59.1532 287.113 59.9429
292.848 58.4685 288.406 59.2933
288.131 52.3633 288.8 57.9005
285.26 50.3059 273.169 52.3754
298.992 51.2002 290.747 53.278
297.067 52.3537 299.71 53.72
261.641 56.7725 254.506 58.6809
245.848 62.6303 253.224 63.9962
294.189 96.3453 321.599 97.0273
302.854 283.676 300.725 287.35
331.721 283.147 304.525 283.609
336.587 282.979 358.019 283.159
301.425 289.126 304.105 297.737
447.567 292.258 477.579 292.297
471.257 293.027 498.422 293.417
444.408 235.245 444.884 237.849
451.155 237.432 447.551 237.663
447.356 233.423 449.94 234.492
449.6 240.453 449.706 245.282
262.377 236.737 268.476 236.799
405.226 105.065 417.335 112.797
303.915 148.143 295.038 150.457
391.169 270.626 402.009 272.272
389.944 270.488 386.852 271.13
403.158 273.095 404.825 275.861
346.547 159.433 346.825 201.479
383.219 256.563 390.045 259.983
375.351 255.215 381.192 257.073
375.235 254.641 369.171 255.016
395.032 263.286 406.711 267.422
187.407 245.525 114.035 330.923
150.856 255.695 136.037 257.333
134.684 257.083 133.063 258.672
147.391 259.07 134.792 260.373
147.801 254.416 140.305 254.969
353.536 207.943 335.527 209.186
139.967 285.508 128.734 288.992
357.945 37.7248 353.465 38.625
358.001 39.4878 349.382 42.3243
422.114 91.2757 419.956 93.6283
410.48 276.606 421.772 280.817
251.894 55.6289 256.473 56.2908
254.681 48.7679 252.803 54.1115
192.956 132.073 205.397 139.461
286.5 71.1792 280.5 71.2063
271.388 69.1202 256.411 69.8752
265.148 71.9329 241.722 73.4548
380.947 270.722 389.279 279.386
445.339 283.333 451.042 284.843
453.841 286.557 466.868 289.469
228.456 188.845 217.851 194.44
235.735 183.152 231.123 186.974
219.939 82.8552 235.242 94.8868
