885
216.22 129.666 254.333 151.624
212.511 94.1411 219.057 126.097
214.437 105.877 220.574 115.843
205.187 74.3338 211.155 92.9613
208.632 71.083 205.187 73.9781
225.512 71.2739 208.938 71.7388
226.883 71.7846 231.741 77.0439
234.561 76.6556 238.589 82.7536
232.115 74.9314 238.068 85.2154
239.786 79.971 239.503 109.125
235.1 115.576 236.504 122.117
209.702 91.3192 199.794 124.913
189.841 125.965 197.499 126.067
253.001 149.826 295.709 149.959
21.4985 49.6405 221 50.0028
222.767 52.09 216.853 69.8113
2.99482 27.2817 17.5816 49.0735
185 132.812 75.5885 133.194
14.3926 61.0905 74.5052 132.891
70.0532 340.69 58.4014 352.43
71.4021 332.09 70.3037 340.138
56.9083 352.446 44.6024 353.426
42.8257 354.335 -0.222403 394.363
159.107 498.094 109.488 498.116
172.714 498.214 160.383 498.271
116.922 446.513 106.056 494.975
143.845 327.301 117.482 444.981
142.6 334.282 147.046 335.197
105.933 497.188 98.7643 498.975
238.783 394.174 260.621 477.199
232.364 383.324 234.902 402.535
223.303 366.14 227.739 381.9
220.879 360.33 222.736 375.172
221.995 354.089 260.851 431.162
223.762 339.193 222.406 352.612
261.163 432.002 260.321 488.183
228.266 383.139 224.695 394.4
228.089 388.326 232.651 409.093
230.087 407.894 229.176 413.953
249.86 462.796 255.998 481.663
253.772 479.67 256.297 488.137
244.797 452.237 248.814 460.592
242.812 445.484 241.579 446.5
255.557 489.678 254.434 499.096
235.25 312.948 331.246 410.824
307.245 389.269 314.229 395.753
326.067 407.938 332.409 414.817
0.000317195 498.844 37.4369 498.92
39.6606 492.294 33.9791 494.218
45.3379 485.747 40.4416 491.636
45.9916 487.304 43.322 497.908
48.1522 483.018 44.6303 496.753
257.605 259.595 260.393 273.83
259.364 273.894 255.819 278.906
253.712 282.545 253.938 285.634
255.949 290.231 252.474 292.107
69.9844 422.518 47.0805 470.066
72.935 414.764 70.5218 421.837
78.1898 409.707 74.2884 414.609
93.2241 375.341 75.7738 412.334
94.5784 377.562 93.295 378.515
94.9728 376.169 97.89 377.667
99.2458 377.842 100.888 389.97
96.8093 374.126 99.4331 376.571
101.926 374.572 101.306 379.027
106.088 371.553 100.966 374.091
108.862 363.51 104.136 369.33
108.166 354.076 109.168 358.804
109.379 344.861 100.731 362.871
110.796 329.271 111.142 344.001
118.123 311.378 84.1115 369.069
89.4849 364.164 85.3974 376.806
84.716 373.155 77.2118 391.089
78.3898 384.286 71.161 404.601
69.4189 401.928 60.0999 421.271
58.192 413.262 53.5753 421.091
83.6192 369.056 53.5834 416.295
53.9575 428.287 51.5541 438.559
50.873 438.523 45.6771 441.523
100.03 362.554 96.298 369.21
112.029 354.321 104.622 365.917
107.663 359.335 103.231 365.934
99.0472 379.89 95.1604 392.584
96.717 386.966 98.5446 397.14
94.7741 393.689 91.3849 396.498
93.0423 390.271 89.0924 398.578
86.9667 399.637 84.1482 409.84
85.3973 410.814 74.8432 449.254
90.8736 407.614 86.271 411.464
96.1201 406.391 90.3806 406.836
103.541 401.322 95.1953 410.241
106.817 401.348 103.901 402.199
122.388 370.149 110.803 406.664
131.754 341.237 123.645 365.806
118.233 365.586 109.956 369.211
111.067 406.55 109.44 416.088
107.36 409.237 100.544 472.784
102.566 398.803 96.6607 414.319
100.66 469.28 100.776 476.004
101.698 475.291 101.127 486.168
104.409 488.553 102.769 494.336
106.095 480.618 105.742 487.505
77.6191 451.603 80.6204 454.919
78.8809 455.292 84.5458 456.142
81.2151 453.11 100.522 453.976
81.3093 411.31 80.8328 417.456
45.5947 471.003 39.203 489.498
207.359 197.419 243.261 203.334
226.473 202.62 232.591 203.184
202.881 196.257 206.129 198.909
199.942 186.091 200.974 196.629
202.232 183.547 222.84 191.24
206.999 202.901 224.997 203.045
247.166 201.989 242.578 205.539
240.676 206.009 238.947 241.153
242.16 226.84 242.293 234.346
247.822 233.609 248.005 249.984
251.043 222.493 252.083 251.891
252.303 219.945 250.07 221.454
252.588 252.564 248.082 254.07
246.479 257.57 244.5 259.824
238.651 242.497 243.111 245.178
242.732 245.058 242.207 255.37
241.149 255.121 237.918 259.34
217.997 265.899 239.772 266.317
248.055 260.941 241.19 263.986
248.332 263.922 245.959 268.096
248.488 262.644 250.918 264.388
253.258 260.587 251.551 269.918
250.867 258.305 257.127 260.618
248.54 256.098 252.241 261.152
253.861 264.974 254.716 273.574
253.533 273.825 245.261 284.506
246.258 281.376 241.59 284.608
250.981 280.264 251.107 290.687
220.306 259.486 219.351 263.879
222.74 224.248 224.219 257.224
223.19 259.635 230.355 262.308
235.985 259.558 231.033 262.066
242.174 267.568 238.766 270.507
236.449 271.254 240.359 273.481
89.501 171.159 186.59 171.439
188.286 143.701 188.741 176.087
74.1901 159.099 87.67 170.993
0.648754 92.695 75.253 160.19
140.987 104.061 154.275 104.723
241.238 337.506 331.648 457.497
214.076 334.78 246.497 335.201
222 269.053 89.3089 269.237
87.82 216.001 89.0082 332.581
225.383 221.543 90.4276 221.64
225.952 205.842 226.149 222.702
225.467 223.963 225.06 229.969
86.521 327.762 84.5294 330.129
85.5014 331.048 82.2508 334.148
82.1732 335.032 72.2731 335.243
256.245 151.521 255.082 158.928
291.439 147.305 296.21 147.851
303.356 145.719 297.372 146.102
312.318 150.078 297.208 150.348
321.584 145.983 312.578 150.025
322.964 145.141 304.922 145.376
256.284 159.752 255.121 165.687
255.043 167.243 255.856 171.458
176.577 311.245 205.493 487.732
206.511 485.071 206.807 499.004
223.502 352.243 250.725 352.603
43.5409 433.897 40.4841 479.03
47.1078 428.461 41.474 433.6
53.3301 417.332 45.7397 427.834
41.0472 433.635 37.2984 440.13
38.452 434.494 35.3251 495.645
70.4189 328.139 44.0877 353.09
86.6222 334.004 85.8617 358.051
92.6293 326.651 90.6259 329.703
96.6839 328.119 93.4727 328.586
91.1611 350.711 38.1338 432.591
84.4375 86.3573 60.0012 86.4681
78.5857 85.2086 82.7766 92.2087
84.4362 95.0119 86.0536 98.4816
244.501 29.0592 234.075 29.1861
232.972 29.6288 232.437 39.8892
234.838 34.2933 236.968 39.8897
235.214 41.3551 237.555 45.1067
238.547 43.9246 242.719 45.6136
134.299 77.1126 137.126 93.1663
146.319 69.3989 129.833 73.4189
16.9983 59.8507 196.213 60.2094
191.063 56.2191 199.208 56.9769
200.22 57.3584 201.306 59.4866
201.153 60.6342 186.608 131.88
131.596 64.0577 133.245 70.9412
255.558 206.201 265.964 265.172
171.902 346.915 167.041 347.722
175.097 336.838 174.562 352.139
174.871 326.18 173.64 336.778
174.034 310.894 174.144 324.616
175.917 352.249 188.774 485.522
189.189 490.231 189.312 499.167
166.568 350.896 172.592 352.566
116.085 87.1475 118.243 94.3294
113.687 86.2506 115.596 87.8945
102.782 86.4421 113.33 86.4821
100.721 88.8615 104.212 94.9057
115.736 94.1505 105.098 94.5204
228.039 75.6656 222.264 89.3049
225.575 75.8511 219.764 92.42
217.443 87.0465 217.89 101.472
218.567 98.3805 224.028 104.602
226.932 110.109 234.46 114.702
217.182 354.179 220.356 375.903
70.5892 65.1222 76.2524 73.9477
83.841 62.7862 63.8367 63.6974
85.428 62.9828 87.8554 64.1186
88.4577 64.5369 91.4112 71.4007
76.8297 73.5248 90.1492 73.8134
53.2541 62.1499 63.7197 63.8521
51.4866 66.1995 55.6732 72.4281
60.5341 70.2514 56.8263 72.8639
215.373 145.815 245.893 157.545
213.703 141.216 218.126 144.3
208.197 141.104 212.875 142.073
237.344 149.935 251.388 157.722
239.405 151.201 242.199 152.353
246.897 158.147 253.079 161.051
140.828 371.969 136.381 396.412
143.867 359.857 139.446 389.128
144.478 355.444 145.104 358.946
135.659 391.277 131.514 411.116
132.893 414.668 131.851 420.577
128.173 422.237 126.99 435.667
139.626 356.081 124.437 426.69
147.504 352.35 140.459 352.616
149.037 353.52 152.296 358.504
148.977 375.741 143.739 390.459
145.085 378.63 144.849 386.187
142.865 391.386 142.997 397.006
147.077 395.281 140.321 398.667
138.791 400.383 140.57 407.403
132.41 436.068 129.458 436.933
131.001 433.283 146.672 439.194
145.306 439.946 153.901 441.8
158.344 439.788 154.714 442.277
161.646 423.923 156.027 440.532
150.219 418.303 161.746 421.7
146.67 442.962 154.169 444.6
23.6944 54.7283 192 54.9673
113.458 272.59 113.301 285.127
113.122 285.982 114.62 289.178
112.949 289.72 117.338 294.846
112.619 292.53 119.132 298.128
115.895 291.155 134.061 301.561
128.342 296.706 150.675 299.196
131.07 292.909 144.534 294.87
136.494 296.836 216.025 298.95
202.159 306.346 212.357 306.99
119.861 287.929 136.72 292.745
138.37 292.603 157.494 294.274
135.744 290.149 142.09 291.137
174.525 289.76 143.07 291.985
181.999 103.959 172.584 104.298
183.445 103.54 184.099 107.857
185.66 97.2844 184.027 101.492
183.149 94.7968 185.042 96.1854
180.003 96.0566 174.571 96.3266
172.974 95.2431 170.338 96.2962
170.714 91.3458 171.327 108.38
169.928 108.522 173.619 112.138
195.705 63.8887 184.568 128.525
171.616 375.28 171.458 398.975
172.066 365.066 174.031 390.998
170.645 358.877 170.677 367.629
173.649 351.373 168.137 361.033
165.191 359.914 169.047 364.511
173.19 392.031 174.217 419.051
175.633 411.369 177.036 456.328
174.103 420.398 173.982 440.154
177.753 457.872 179.779 465.304
174.735 357.899 185.076 482.413
104.189 260.761 172.052 261.036
140.447 255.907 174.298 256.065
138.627 254.863 129.499 255.178
129.391 255.055 123.421 256.827
123.025 256.051 119.268 258.522
96.5358 259.862 97.7331 262.606
97.76 232.681 97.199 257.778
104.807 229.917 115.38 230.197
124.382 228.732 116.882 228.732
133.559 229.995 125.961 230.326
148.712 230.278 135.104 231.327
170.801 229.343 150.217 231.209
172.175 227.138 166.305 228.134
172.239 228.584 185.878 228.697
190.198 231.737 176.865 233.037
220.774 231.307 191.984 232.304
175.589 234.109 160.4 234.539
158.729 234.715 137.038 238.809
152.702 238.021 146.026 238.209
135.469 236.851 115.709 239.022
191.264 235.349 154.215 237.778
62.7892 108.191 66.8033 109.48
55.41 97.3466 62.8665 108.839
75.6942 101.767 59.4018 101.776
26.6202 63.8155 52.4803 96.9476
64.9904 87.3483 69.3515 93.3658
61.7302 96.561 76.8583 107.246
64.8864 95.1156 55.7342 95.238
72.8046 109.823 66.8046 109.831
258.657 -0.00994881 257.911 14.8064
257.767 13.5211 258.549 70.377
256.392 6.36959 256.471 20.0031
258.895 44.5009 258.962 52.203
258.925 65.8496 259.511 83.8252
182.955 85.3249 172.539 86.3866
186.342 87.2653 185.072 89.9716
182.465 90.0168 172.378 92.9708
171.627 81.4515 171.788 89.8392
72.5586 156.917 189.5 157.285
269.441 498.314 313.044 499.05
241.004 373.742 245.499 374.013
245.428 373.431 249.034 377.032
136.806 347.269 104.9 479.331
136.152 338.071 136.13 345.665
139.851 321.902 135.583 336.365
142.902 312.515 142.375 326.068
109.046 95.9797 116.961 96.385
245.335 98.9387 242.453 125.322
247.194 81.6638 243.12 104.658
243.791 125.431 241.895 131.371
242.235 135.453 238.2 137.383
229.793 337.71 231.67 346.527
230.391 344.691 230.599 349.213
93.9796 71.0747 98.8286 83.6822
244.373 30.8855 243.795 81.5689
243.038 65.4252 242.675 67.7872
118.915 452.106 109.523 496.141
182.752 260.84 217.046 261.075
145 75.808 135.265 75.8489
150.599 76.7957 150.847 82.8937
152.851 78.7101 154.187 92.4152
162.289 86.2661 153.88 86.3806
164.485 89.549 151.327 94.3125
168.283 87.6464 168.694 93.7278
148.992 94.5796 166.312 96.2741
224.636 120.667 219.333 127.682
218.478 112.154 240.508 129.896
78.9889 103.947 88.1156 104.189
89.3157 104.629 93.9371 112.176
95.8078 116.118 77.3511 116.342
77.3327 112.479 82.239 115.412
92.4441 438.993 93.0578 449.479
27.8587 386.317 14.1553 402.782
31.0447 385.645 26.2782 389.451
50.9477 362.36 28.5162 384.784
35.3824 380.373 32.451 383.131
38.4949 379.168 26.6624 392.454
44.2896 372.147 37.5882 377.583
55.0953 358.746 55.3399 361.723
43.5311 355.869 64.7206 356.073
76.8891 345.843 65.3848 359.877
69.3288 361.259 64.9948 362.512
63.5515 362.569 55.1289 369.267
53.0973 369.092 46.2734 371.97
14.4851 400.127 0.0884217 409.379
252.953 18.9086 253.799 82.0054
253.987 3.54175 248.377 20.2841
253.86 86.8867 253.47 91.4587
253.542 92.3843 253.447 135.335
253.639 136.948 255.42 139.837
248.11 20.9679 248.332 80.5025
120.939 323.596 121.652 326.099
124.713 318.469 138.119 318.766
141.003 311.614 139.063 317.669
121.613 317.893 131.159 320.639
120.084 311.533 117.093 321.672
120.377 327.412 119.689 343.267
121.704 344.101 127.471 344.87
122.116 326.958 131.878 330.951
132.541 331.933 126.545 332.293
136.727 325.635 132.447 336.861
105.171 390.638 108.93 393.212
107.122 385.436 106.284 389.283
110.943 383.911 107.933 385.899
118.085 381.755 113.479 381.93
111.8 385.31 110.962 389.79
113.102 385.081 112.817 389.561
111.764 390.282 110.047 391.99
113.209 393.28 109.068 393.823
222.616 136.942 216.984 137.904
216.653 136.963 211.775 139.003
249.334 220.781 242.29 226.505
253.877 220.074 254.535 222.59
254.333 224.386 255.559 251.388
214.286 150.5 228.626 161.156
230.597 163.477 229.097 175.232
230.364 162.278 234.548 163.111
207.432 150.868 210.114 159.666
202.181 145.068 208.276 157.874
200.322 142.703 201.024 153.797
209.312 159.966 209.279 165.865
211.487 165.847 214.912 170.68
205.346 173.918 225.511 177.742
209.115 172.031 203.12 172.871
197.19 173.487 203.56 175.249
194.757 161.673 195.487 171.823
197.24 152.921 197.476 160.491
190.368 148.151 193.302 153.39
192.551 146.095 197.349 149.949
204.863 157.735 200.881 163.673
196.604 176.851 192.971 181.718
191.506 181.791 187.625 184.348
186.888 176.976 185.832 181.957
226.219 180.138 224.335 190.155
220.461 179.505 222.659 186.06
214.913 174.141 221.518 187.653
166.564 103.977 155.971 103.994
332.232 292.889 319.467 296.405
318.319 295.049 317.437 300.998
318.79 303.032 316.77 307.283
224.095 378.623 222.561 387.494
217.665 386.871 221.089 389.5
218.736 393.407 224.256 396.151
217.558 392.464 213.147 393.347
102.982 68.9075 96.4511 72.881
214.339 369.988 214.523 375.053
213.304 367.415 214.718 369.937
210.364 375.399 215.521 377.916
215.384 378.749 215.741 382.439
217.78 382.797 212.894 383.814
209.422 379.685 211.701 383.714
111.518 64.0324 114.344 72.3901
115.255 73.4145 128.505 74.1282
192.32 478.17 195.117 499.041
188.679 460.577 191.096 479.973
213.09 336.762 220.529 350.087
259.409 93.2476 258.785 135.949
255.34 90.9277 259.743 91.8443
258.26 136.166 261.015 137.673
169.784 377.374 169.531 391.547
104.471 271.24 105.063 293.87
107.107 293.487 110.284 298.703
111.294 302.93 109.708 307.216
233.383 338.22 238.389 350.647
295.499 251.286 295.096 265
292.242 239.869 295.298 246.837
298.385 268.552 293.197 274.892
296.637 272.699 294.907 277.056
293.806 271.159 283.015 275.67
275.055 274.105 281.118 275.233
292.758 271.772 287.262 287.211
287.876 352.128 331.786 390.867
278.189 342.546 286.628 351.338
260.564 327.886 277.226 343.641
239.133 309.319 258.611 327.685
238.528 281.983 239.692 307.416
215.491 359.1 217.067 364.3
225.912 356.3 251.467 357.367
223.591 356.485 228.912 360.19
88.2944 160.394 172.492 162.341
180.283 160.879 187.923 162.007
92.7206 62.8197 126.481 63.8431
116.433 348.453 113.099 353.341
145.301 63.1295 128.004 63.4858
240.849 340.111 242.412 348.974
58.4992 86.0901 47.9524 86.1709
231.268 70.34 237.999 71.0086
226.488 69.8916 230.233 70.888
239.404 71.3291 241.401 72.7002
55.5997 388.317 46.7321 390.636
53.3447 386.377 38.7764 391.092
37.3355 391.89 28.8689 397.544
35.5205 389.523 30.7911 395.315
42.6433 383.385 35.1705 388.572
96.6048 85.9814 85.9385 86.3133
55.8553 484.41 56.8804 496.435
54.3616 484.14 55.0901 491.235
216.5 265.163 92.7532 265.383
83.2581 373.953 78.7782 381.065
88.4425 175.575 88.6912 214.495
75.0423 162.682 88.276 175.062
62.6225 104.07 70.9909 104.313
90.5687 64.5338 93.9567 69.4215
236.711 412.357 237.001 420.899
237.344 419.563 253.776 456.859
107.443 432.439 106.659 459.49
110.736 423.473 108.687 430.81
116.577 408 108.387 444.779
122.27 382.826 115.217 407.956
127.441 373.325 111.518 441.425
132.605 352.563 126.267 371.346
70.0011 115.956 76.0024 116.102
19.7531 400.458 -0.570994 414.237
203.241 188.993 203.057 195.002
208.644 109.13 213.187 134.39
211.109 106.208 208.475 107.809
248.622 99.0313 247.69 141.002
123.029 357.718 115.646 358.597
114.855 358.728 112.052 359.352
248 335.02 252.477 335.038
110.455 89.509 105.901 91.79
164.428 334.68 156.509 334.908
168.007 333.298 165.267 333.884
169.98 329.773 169.107 333.191
153.477 330.031 155.978 333.568
256.747 231.025 258.368 247.505
132.467 86.2316 120.424 86.3577
102.995 378.471 101.769 388.727
104.269 393.427 99.2312 393.818
225.11 143.482 231.691 147.339
216.915 143.407 228.085 145.732
236.1 148.187 231.781 148.431
144.753 80.8369 140.405 82.3046
140.844 83.2041 137.998 84.0295
178.442 348.339 187.422 422.9
188.731 424.302 190.619 460.503
123.357 63.5759 124.251 68.693
123.107 68.9502 117.229 72.3242
153.005 403.855 161.972 404.923
147.871 396.395 150.027 405.174
87.5948 109.404 92.9837 111.127
87.998 107.962 80.3327 108.368
119.357 91.4453 125.16 109.153
120.813 93.1867 123.946 93.5307
123.966 95.7354 129.835 95.8106
134.567 97.4976 136.777 101.434
235.322 487.686 242.222 492.217
231.251 487.8 233.681 488.84
320.062 310.991 318.768 320.295
304.765 322.488 308.127 325.183
308.869 312.06 309.959 316.192
314.376 306.219 308.495 310.583
183.388 344.546 190.984 345.268
200.665 344.983 196.283 346.274
204.683 335.836 207.423 346.17
200.984 319.822 204.745 334.289
197.655 311.162 198.397 332.161
198.74 333.465 196.798 339.141
197.692 337.731 198.103 343.772
211.697 342.989 211.696 363.989
203.254 323.949 209.022 338.685
213.419 359.56 212.426 365.37
204.525 349.908 205.4 360.195
151.752 109.421 135.728 109.962
164.658 107.388 157.3 109.182
167.861 104.812 168.497 115.632
152.14 118.201 166.402 121.002
156.814 117.763 162.517 119.11
153.052 112.177 158.636 120.523
155.214 112.482 154.24 121.974
133.767 442.137 130.954 449.74
122.976 440.753 129.568 440.785
124.179 428.285 121.972 438.949
118.206 451.007 134.508 452.584
136.029 452.607 143.495 455.33
155.364 446.331 146.26 456.165
172.448 63.4774 171.623 79.9911
116.586 82.4145 119.195 89.9322
42.0655 65.4038 46.0104 67.4705
40.5878 64.8024 36.0878 64.8043
46.4674 67.0056 48.2896 69.8226
38.6035 70.7726 46.077 71.0214
239.077 378.311 246.983 378.992
105.605 137.999 183.956 140.687
85.9755 136.428 103.752 139.624
95.2391 103.627 120.743 103.746
126.724 109.072 134.218 110.018
139.779 105.444 142.074 111.896
135.656 111.188 137.352 115.288
66.765 317.498 69.3666 328.093
68.6638 315.715 69.1697 320.256
69.5672 312.337 70.6143 316.834
63.6873 305.952 69.8967 310.363
59.4857 303.942 55.8718 308.13
54.1323 307.139 48.3141 319.137
56.2705 316.171 46.8569 327.89
47.7266 330.268 45.0919 337.211
54.9167 324.465 49.9748 330.107
62.1293 314.718 57.1473 317.234
38.8735 331.023 22.2585 340.498
22.2794 342.893 18.2383 347.379
15.712 347.227 6.10449 358.895
4.09658 357.59 1.04879 364.532
9.69001 360.999 3.82895 373.206
4.58814 376.797 0.558137 383.086
36.0417 341.694 29.9423 345.933
31.5786 342.985 24.1514 346.945
22.6357 347.34 19.5079 350.551
241.906 67.2609 232.663 68.3514
231.636 66.6003 228.32 69.2875
234.54 59.15 230.884 63.928
78.5122 348.448 70.8962 365.118
71.8413 357.898 72.4266 362.36
71.4784 367.038 71.0743 372.006
237.983 245 237.848 254.119
220.326 128.508 238.683 135.412
109.37 331.719 105.54 338.269
144.834 67.3908 137.46 68.2665
268.616 274.021 270.217 282.931
265.896 251.685 267.162 267.458
143.083 338.004 142.816 351.157
106 127.803 113.5 128.298
116.614 129.474 110.558 129.798
100.22 119.445 105.563 128.682
104.284 124.508 113.146 124.525
111.569 109.923 120.496 110.216
110.338 110.723 122.05 113.112
108.482 106.018 113.053 116.056
122.874 107.965 123.916 113.873
121.702 115.249 113.933 115.752
115.315 117.648 124.256 118.584
196.566 334.656 182 334.878
242.739 78.4664 241.663 88.4124
169.402 79.2592 167.257 81.1762
168.552 75.308 169.754 77.7496
162.277 81.6568 166.589 81.8441
160.713 81.4591 155.192 83.8121
104.303 471.501 103.714 474.503
78.9918 128.216 87.9893 128.852
75.3486 125.861 78.7631 128.693
61.4692 109.822 74.3544 124.627
242.736 400.379 259.2 438.829
233.804 422.294 240.864 440.491
234.373 434.712 241.83 449.576
234.065 431.567 226.216 435.565
302.036 383.851 306.165 388.213
78.279 124.091 86.0266 124.557
189.5 57.5734 135.5 57.7472
101.269 73.5359 109.498 74.0397
110.615 74.6112 96.8733 76.0041
81.9973 69.343 77.278 71.1143
291.447 372.47 297.097 378.746
258.48 82.6718 255.792 86.3123
67.0523 79.0847 72.9988 79.9088
331.252 193.82 331.697 213.377
241.301 322.518 242.089 331.618
192.112 419.712 200.967 477.658
179.058 494.786 181.317 498.823
179.751 374.165 187.893 448.913
53.4127 474.079 52.9718 480.291
54.7951 472.612 55.1563 482.942
61.1107 452.599 55.6996 472.421
58.029 468.361 60.107 473.876
50.8461 467.281 53.3316 470.471
62.0209 465.702 60.292 473.022
108.501 272.123 109.549 289.17
109.028 288.793 109.394 293.344
272.176 191.127 270.622 199.955
87.5642 439.161 89.0177 446.936
88.8552 448.524 90.8237 450.999
76.3827 384.951 70.9019 393.325
226.46 402.651 226.626 408.496
218.452 396.841 221.797 400.229
211.772 393.195 218.866 395.769
228.14 407.195 226.816 413.01
224.825 397.697 228.682 402.293
173.544 148.002 177.829 148.357
173.129 150.376 171.085 155.106
236.537 409.129 233.382 409.971
224.59 454.513 230.168 459.824
218.554 451.759 223.81 453.216
82.4716 352.459 78 353
233.439 165.166 231.115 175.423
167.315 75.3052 155.328 75.797
329.62 159.914 331.204 172.144
328.298 155.895 328.758 158.554
76.1788 424.096 70.3743 428.668
96.6354 412.985 95.3782 420.429
96.0069 422.186 92.6642 435.498
45.5 79 54.5 79
54.3671 75.6526 59.3901 82.7953
37.5561 75.1514 49.6911 75.592
57.8068 76.4151 63.197 83.0801
54.7423 81.2766 50.1609 81.4075
119.932 106.874 111.28 108.683
96.3964 493.019 96.1626 497.01
280.051 180.071 282.22 187.981
282.755 178.09 280.148 179.398
283.666 177.707 286.022 183.239
281.937 175.137 279.069 176.1
296.362 169.064 282.529 171.972
294.873 170.148 291.469 175.002
277.37 175.444 272.275 178.661
183.733 68.7366 173.915 72.6216
260.553 279.34 255.958 286.82
230.971 316.581 231.078 325.588
131.476 98.7301 124.25 101.292
246.767 211.838 241.283 221.516
252.581 210.551 248.343 212.052
136.069 409.784 134.371 414.905
139.723 409.22 136.803 410.025
197.982 64.0796 192.601 92.0714
80.0983 63.9152 83.8763 68.2943
84.0681 67.4226 87.3875 68.5345
107.444 180.448 105.463 217.432
148.402 94.4337 139.022 96.2282
73.0189 31.2138 165.944 33.5778
63.8679 32.3344 70.4895 33.3022
79.7271 34.481 72.2983 35.5
71.0252 36.9946 66.4505 37.2982
55.5825 35.7198 63.119 36.2613
50.4326 33.9405 43.3358 36.3641
41.4143 33.9212 38.6076 36.8092
39.3137 38.2584 42.6678 42.4001
46.7351 42.1685 49.8562 42.6548
54.3275 44.2846 60.4871 45.5746
167.777 32.9099 179.442 33.8907
187.364 34.1258 181.564 35.3033
182.567 30.1249 194.108 30.9644
198.914 31.9487 205.34 32.1892
194.468 35.3396 203.428 36.6202
206.265 38.3979 210.17 40.8262
206.056 33.6159 214.741 41.8438
215.16 43.7749 220.542 46.097
177.227 40.1387 169.874 41.5003
136.509 36.9906 168.338 41.9359
213.562 348.603 214.926 352.167
74.9747 479.181 77.5384 486.229
79.248 480.624 76.6492 489.217
233.068 278.02 231.924 299.196
230.637 270.822 230.717 287.196
234.026 294.751 233.974 300.843
231.854 300.15 230.441 306.153
280.73 220.643 286.275 222.932
286.788 222.618 294.562 234.654
290.846 226.326 292.496 236.758
289.418 230.949 291.525 237.02
293.21 236.716 294.318 241.792
227.636 491.948 225.488 498.072
226.121 487.474 233.205 497.86
33.9659 398.18 18.6207 412.104
16.6107 412.64 8.45128 421.08
15.1115 417.759 11.0075 419.602
17.5032 418.648 4.66319 431.197
21.6983 416.62 15.0526 423.591
23.6421 414.459 19.0868 422.323
30.8336 408.817 22.9627 417.803
29.5229 413.082 25.2816 418
38.0017 403 30.4684 412.574
41.9279 402.744 38.2575 405.799
45.8422 402.127 42.9193 407.506
48.9239 400.594 46.0042 404.152
58.7471 387.298 54.7059 395.924
38.4669 408.076 33.8865 414.128
31.2955 413.424 28.9006 416.874
18.4506 423.588 11.3216 431.448
12.2973 426.427 9.17174 431.487
6.8358 425.275 0.674703 433.531
209.124 446.501 204.486 459.038
265.399 185.905 257.761 190.892
257.134 191.844 254.185 200.412
269.5 226.889 267.589 238.448
272.466 226.742 268.914 234.987
274.514 224.998 271.295 228.167
268.981 219.724 277.414 221.64
285.418 216.873 278.172 217.553
278.821 213.484 282.463 214.917
284.241 202.678 279.596 208.53
286.503 217.212 288.54 220.463
283.936 218.778 287.712 221.786
82.3612 440.983 82.6032 444.976
227.272 417.144 223.159 419.036
101.922 63.259 103.395 68.172
69.2235 473.714 65.0545 478.266
191.648 431.451 201.345 498.88
132.455 321.716 136.581 321.765
169.498 153.083 129.113 153.158
137.846 150.466 111.163 154.13
170.775 401 171.519 407.855
258.794 430.525 258.703 439.5
77.1099 356.155 82.9357 357.516
129.541 89.8504 123.714 92.025
223.998 198.866 242.368 198.916
153.365 386.406 150.71 394.57
155.006 375.087 154.618 393.927
237.036 471.98 238.948 487.123
236.604 468.011 238.795 471.962
236.65 476.349 236.36 483.174
180.942 108.649 172.237 109.608
181.974 113.067 180.13 121.913
178.051 124.255 171.469 128.114
100.42 435.968 99.9896 454.273
100.549 430.948 101.873 435.334
99.6713 422.841 98.7833 426.748
205.684 177.079 205.832 181.474
193.747 167.741 192.281 176.972
175.711 397.001 175.033 402.981
72.9999 57.6689 109 57.7139
152.13 115.275 143.31 115.512
143.198 122.037 149.198 122.037
140.705 112.529 142.796 119.954
125.479 122.83 116.402 123.045
142.402 442.009 133.751 450.91
321.55 349.401 324.933 350.72
317.936 343.764 318.107 349.744
329.856 345.881 325.941 350.281
268.065 136.404 259.836 139.414
269.944 136.233 276.078 136.872
257.291 140.071 282.946 140.623
279.771 142.318 285.771 142.318
332.415 140.635 287.271 140.654
105.549 80.6633 100.234 83.5212
68.8127 437.567 64.5375 446.832
64.4408 448.044 61.2621 451.267
124.139 355.52 116.558 355.571
75.6796 430.716 72.7099 436.981
313.678 181.93 313.31 190.748
313.119 177.051 313.603 180.421
313.587 192.107 313.193 195.26
316.615 185.491 315.866 191.397
77.4561 494.159 68.7486 497.304
101.849 332.586 93.0258 332.726
88.5495 332.304 92.0823 335.113
62.508 56.9761 26.5031 57.5827
56.6625 444.652 53.9814 450.992
116.907 288.168 120.956 290.164
116.505 283.294 117.254 286.572
328.942 363.027 331.864 363.675
252.456 478.012 248.417 479.934
95.5077 436.986 97.5868 445.916
126.565 334.542 131.073 335.018
163.428 295.524 172.496 296.44
82.8655 437.365 87.2532 437.498
110.5 57.6673 125.5 57.7171
151.958 300.975 168.208 303.434
69.4953 94.9951 82.9716 96.2945
81.3074 93.713 70.947 94.5124
191.362 450.596 195.219 486.224
41.1263 396.013 38.8948 399.862
45.9222 392.784 34.3302 401.619
77.5986 77.1998 81.1222 83.2096
156.865 399.034 160.669 400.075
157.996 374.114 157.102 389.128
165.448 397.014 157.933 397.644
168.723 393.325 161.287 409.874
160.409 411.546 162.235 415.74
164.683 417.467 167.887 425.833
150.133 99.1168 140.101 100.923
245.714 278.62 238.591 280.985
118.445 324.053 116.308 343.265
199.724 335.209 200.826 343.823
82.4191 459.77 88.2509 461.12
89.0142 463.931 86.9449 468.298
229.909 385.469 230.575 389.974
140.198 422.015 139.288 434.053
281.022 349.101 284.157 357.455
251.732 363.004 264.336 378.176
263.651 380.307 265.754 384.536
318.717 157.035 319.162 168.4
329.022 169.114 322.084 171.854
229.512 244.659 232.215 253.165
226.81 237.613 229.771 240.712
145.83 409.428 143.272 420.763
181.515 99.5975 175.707 100.512
72.6683 444.277 75.118 458.565
77.1945 458.313 75.0346 462.259
161.448 252.506 148.487 253.409
93.6938 345.44 91.5966 349.509
101.662 334.148 94.6714 345.834
209.284 333.053 211.93 338.463
159.948 151.527 152.498 151.647
98.351 325.484 93.7555 326.18
104.367 318.018 99.2392 323.686
107.279 315.987 113.188 317.029
92.154 226.452 92.6146 263.9
114.328 325.377 113.018 342.001
240.537 496.659 244.977 497.377
92.7024 89.7801 87.5031 92.6307
166.295 97.6628 156.406 101.415
296.016 296.004 294.805 300.439
300.714 288.219 297.938 295.037
208.105 391.486 212.122 393.743
89.9885 234 90.2595 262.499
221.442 224.326 206.517 225.051
329.59 434.213 331.318 441.451
328.683 425.981 328.521 432.786
328.408 420.073 328.401 424.406
330.294 414.45 330.345 419.057
221.041 248.297 189.628 252.534
188.021 252.197 181.996 252.992
285.825 306.501 285.885 314.045
305.952 177.618 304.574 181.752
306.982 169.026 307.425 176.817
232.904 490.415 229.66 495.454
231.006 87.9194 219.793 95.1485
84.0294 98.132 76.6856 99.6041
