908
205.772 240.57 216.385 326.984
191.1 231.848 208.293 239.639
199.534 197.017 192.736 228.969
200.388 195.948 219.826 203.564
221.296 201.082 224.471 206.366
225.116 182.034 218.524 201.687
225.544 170.453 223.52 182.63
236.285 137.723 227.601 169.546
224.313 208.005 222.083 213.37
221.512 213.502 213.855 239.355
209.91 240.139 213.594 240.208
217.322 328.938 188.356 347.353
188.23 347.842 189.53 368.437
190.844 370.233 223.844 370.253
226.544 364.878 225.743 369.142
185.293 348.746 187.287 374.025
181.537 346.175 183.432 351.055
181.124 327.17 181.652 345.111
184.424 307.367 184.937 324.996
183.145 303.166 182.537 318.039
197.648 293.598 179.42 302.947
196.711 278.766 197.797 292.939
198.425 271.262 196.148 278.339
196.663 261.916 198.162 269.348
191.908 239.034 199.599 261.291
189.338 242.883 195.494 245.934
83.2629 300.026 181.009 302.213
54.8683 299.017 88.0043 300.08
53.6507 299.466 51.1472 304.757
52.2394 304.922 43.4788 333.423
42.128 337.695 42.5416 340.637
186.938 304.935 186.672 342.003
184.574 333.959 183.712 368.507
182.776 364.002 182.947 384.493
181.005 371.233 68.3731 372.526
71.8756 372.574 35.8435 374.141
34.3833 369.695 35.0052 372.841
38.0691 355.236 34.7433 368.418
39.9153 348.344 38.9352 353.806
42.6337 341.624 40.6388 346.571
184.794 377.653 182.34 379.642
182.652 389.526 182.907 395.979
181.67 396.3 181.228 398.128
167.234 401.422 184.851 401.557
171.148 404.824 171.338 409.47
170.107 380.565 170.129 403.101
172.7 378.848 169.569 379.399
178.685 379.921 174.188 380.175
159.373 386.336 39.6256 389.202
29.0729 386.445 36.4859 387.95
175.653 412.678 169.62 413.103
176.002 409.942 183.054 410.189
168.277 417.193 160.626 417.653
169.73 420.47 118.786 425.358
174.831 420.464 180.836 420.784
183.687 414.048 188.718 479.37
187.684 472.438 190.419 475.197
119.491 423.001 106.795 424.203
101.987 421.012 107.013 422.838
23.8304 419.236 101.01 420.277
27.3873 418.382 17.1192 419.613
15.5673 419.239 12.4446 419.475
4.92224 418.784 10.9785 419.427
50.8962 255.877 0.489893 419.698
56.2946 239.207 52.3991 250.836
57.7969 233.164 56.1451 238.394
0.550233 156.899 55.7346 232.009
189.081 374.289 192.25 428.968
190.043 422.514 191.941 464.012
193.97 449.504 194.192 467.414
192.685 465.491 193.349 486.824
193.496 488.462 193.868 499.056
5.99558 184.139 53.9643 238.904
12.5635 188.764 21.3613 197.992
0.118076 174.943 7.95556 184.08
148.828 480.304 -0.0150544 481.458
147.864 476.621 163.967 489.85
169.864 488.642 166.156 488.8
184.097 479.513 170.288 488.445
187.145 474.45 183.916 487.128
183.523 482.945 187.464 485.073
187.838 481.001 190.56 498.685
183.207 489.996 187.678 498.708
262.324 18.6048 253.789 45.5894
260.419 15.6895 261.425 18.5093
261.686 10.9729 261.853 16.4895
263.047 0.294829 257.706 14.5416
256.347 15.8622 253.274 19.2977
256.52 1.55044 247.448 23.2231
255.041 -0.399022 250.686 12.8971
250.418 46.3519 252.656 46.9741
0.16211 129.366 68.742 233.787
70.2339 233.574 196.821 234.137
266.781 445.127 273.484 473.043
258.469 394.928 268.316 447.55
266.47 412.496 264.809 424.2
275.058 470.386 280.415 475.74
287.266 472.302 281.701 477.967
201.438 239.912 205.201 290.863
204.125 291.129 202.522 293.566
209.636 290.981 186.518 304.199
207.44 118.95 220.151 123.28
226.948 120.893 221.498 123.331
237.368 98.814 226.728 120.429
249.478 73.6974 240.214 98.9966
249.453 64.3722 250.631 73.9475
252.818 64.9327 251.357 69.5967
252.394 52.9553 250.086 63.2299
254.545 49.4078 254.53 56.9078
269.79 0.269167 256.981 51.4521
195.317 238.019 162.571 239.986
154.484 484.987 159.458 486.337
331.73 330.002 236.489 355.129
225.71 353.304 238.9 358.597
223.313 353.356 227.632 358.198
217.627 330.592 222.18 352.632
228.007 359.466 228.8 362.806
239.397 358.325 245.439 392.406
242.805 390.042 243.89 398.583
246.904 402.624 244.989 404.478
256.712 398.347 248.287 401.957
244.403 405.12 252.771 446.559
245.625 433.276 249.654 435.475
230.92 425.581 245.843 434.423
229.693 422.417 239.366 427.57
225.337 413.98 229.783 424.167
222.651 409.115 225.392 418.921
242.814 397.745 215.984 405.439
240.662 403.493 223.43 407.26
237.648 402.126 222.976 405.439
193.704 403.56 214.833 405.421
262.318 454.36 263.01 472.399
258.636 478.053 260.203 488.285
262.316 489.174 268.625 497.806
297.984 35.7352 277.338 93.5423
312.908 0.0516126 299.133 34.4358
253.374 454.064 254.582 473.001
252.989 452.708 219.838 453.945
253.72 473.385 250.588 479.699
252.518 480.691 255.323 486.162
246.462 478.883 258.477 492.854
244.574 479.086 237.98 479.825
228.51 477.575 236.983 479.004
168.747 391.098 33.9978 392.775
24.2203 395.475 102.642 396.81
105.476 396.899 86.5217 398.784
129.355 393.804 103.498 397.435
138.678 240.386 57.502 241.941
151.013 237.629 137.375 238.064
157.705 239.459 150.407 241.73
154.853 240.727 169.524 241.589
144.336 240.265 141.712 243.207
148.523 243.232 148.328 247.895
138.529 240.114 140.878 244.95
141.858 245.26 143.923 247.56
243.306 -0.524749 240.375 15.8908
244.5 1.29375 243.567 4.20874
243.207 4.06555 242.367 9.2365
246.619 9.54854 244.783 21.4384
248.254 1.04459 246.797 9.33256
242.162 24.2276 239.379 29.7545
237.12 30.175 233.436 36.3201
239.07 21.3001 236.883 29.9718
236.002 24.9819 234.535 29.1572
251.632 24.292 245.79 33.61
262.147 8.06913 252.979 27.5773
246.191 35.319 246.156 42.7348
249.623 31.949 249.692 36.9035
252.284 29.28 250.432 33.6936
48.9773 463.609 -0.0374833 466.454
99.0268 461.708 41.9984 462.486
331.911 38.1442 308.563 84.3999
308.912 81.964 304.293 93.2951
304.302 94.0577 309.743 107.937
308.631 102.291 332.094 143.024
313.842 115.091 332.187 146.914
171.001 241.968 187.999 242.268
138.652 455.333 16.6007 459.06
183.157 450.46 132.056 454.747
15.1396 460.66 8.14616 463.473
254.277 88.2597 266.499 110.839
252.272 85.9956 249.079 97.6497
274.898 -0.0508453 244.666 102.947
248.52 98.9172 244.613 110.899
239.694 116.795 247.316 138.116
236.521 105.023 239.511 116.753
258.83 135.892 250.125 138.428
262.122 135.803 271.121 136.072
35.5154 440.469 14.642 443.711
122.848 440.057 37.1473 441.715
128.002 440.226 124.397 440.258
164.921 438.53 128.901 439.249
188.76 8.99823 192.219 17.1639
186.287 1.9218 195.373 20.7748
192.026 24.31 196.718 26.9286
191.815 22.4753 188.263 24.8971
187.029 24.4686 190.363 29.2903
182.886 18.5483 184.47 20.8754
180.78 12.6051 181.711 18.0051
178.762 9.29798 180.876 13.5333
184.025 1.75802 178.619 6.4166
184.355 3.19824 190.352 3.34387
189.899 24.1791 192.862 29.5745
202.387 19.3869 195.997 34.5671
195.231 35.9758 196.134 41.9143
201.26 48.0693 192.618 48.9271
204.77 43.7741 200.468 46.7321
213.592 35.4221 210.755 42.3757
137.813 464.949 1.05779 472.852
138.855 458.142 142.125 472.547
119.64 473.76 139.151 474.964
118.068 475.047 0.00765042 477.929
223.171 3.05823 225.55 16.1018
221.938 -0.116628 219.991 21.6373
226.395 8.8353 227.483 11.1738
227.972 12.0853 231.749 13.3124
231.992 11.5598 238.259 15.6484
235.621 13.3606 241.704 20.8929
133.886 288.543 195.573 289.363
150.327 286.551 146.243 286.717
135.53 287.643 63.3989 289.097
100.787 285.418 54.327 287.457
131.411 281.797 45.0772 285.486
146.479 277.877 110.803 280.339
147.358 276.923 149.89 277.135
150.76 279.131 173.73 279.884
178.301 277.363 194.825 277.536
146.621 278.345 149.502 283.685
134.499 276.81 139.312 277.208
109.268 276.899 58.1403 279.3
246.985 117.191 265.073 117.303
265.981 115.195 260.081 115.734
265.405 116.144 269.852 119.124
270.339 119.831 304.457 204.091
298.537 198.963 304.486 199.971
284.913 186.383 203.084 273.153
242.144 113.393 245.4 116.583
239.135 103.328 242.082 111.179
243.373 111.828 249.875 112.104
290.44 462.554 295.025 487.255
296.345 488.467 292.972 498.061
288.608 482.526 288.798 488.409
284.923 476.348 289.408 482.331
139.146 486.719 0.00150406 487.08
137.611 483.991 145.816 487.9
137.832 482.928 32.6896 483.507
144.298 487.729 146.892 490.866
146.855 494.142 148.597 496.404
212.504 305.589 200.674 306.957
197.99 306.416 186.419 324.045
198.108 299.49 198.468 305.486
145.284 486.336 154.284 486.341
219.07 406.861 221.779 430.498
220.48 431.601 215.511 434.785
114.768 215.297 120.575 216.275
113.401 215.778 104.955 219.324
125.755 214.367 121.768 218.044
126.286 216.862 124.695 218.585
128.841 218.88 130.097 221.689
124.274 219.796 125.075 223.911
124.893 226.26 128.986 228.171
124.628 226.686 69.3604 227.333
71.3388 225.067 78.3896 226.431
66.2735 207.807 77.5259 226.474
58.6393 190.528 68.2296 206.059
139.414 226.265 129.288 227.278
139.022 225.931 175.169 227.308
155.749 223.784 147.35 226.511
196.794 128.18 190.02 165.094
194.276 124.455 198.807 128.47
192.29 118.544 193.729 122.996
195.193 109.722 192.338 110.501
189.893 116.334 187.597 168.74
186.003 170.087 188.7 176.335
189.047 170.297 217.282 181.393
216.309 179.275 222.151 180.779
185.733 171.128 183.851 176.822
185.013 176.579 186.317 189.627
187.785 190.997 188.506 196.983
191.363 183.463 190.157 200.108
188.955 177.006 189.649 182.271
194.672 110.539 196.979 112.58
194.205 116.938 199.938 118.764
199.442 133.862 203.209 150.122
192.907 437.003 193.33 448.545
274.406 94.8276 267.975 113.025
271.325 110.598 271.654 119.563
276.674 102.653 272.583 109.154
278.4 98.7148 281.587 101.909
274.943 93.9885 279.666 97.7267
280.86 103.103 313.033 171.109
294.533 133.795 302.225 153.807
314.391 172.093 331.767 208.33
310.973 170.361 314.844 176.649
297.42 388.271 299.981 399.561
294.014 386.31 296.757 387.794
292.044 379.914 298.129 390.669
301.475 399.765 309.93 405.566
310.916 406.687 315.51 412.573
312.582 410.624 316.532 417.48
319.722 415.665 327.831 426.464
311.999 1.96817 280.407 2.63874
278.232 5.96331 266.995 41.9297
267.213 43.5028 268.254 49.4116
267.194 45.7993 283.746 70.2604
261.115 69.4527 272.777 88.2345
265.244 48.2501 257.873 73.1529
271.005 88.8801 267.108 101.313
59.6001 290.879 172.427 295.217
161.504 293.02 179.008 293.834
172.983 294.982 184.811 296.308
63.4049 293.94 54.1877 294.426
192.437 391.722 204.59 391.872
204.744 390.48 218.222 390.59
207.941 388.793 233.337 389.57
330.81 312.825 224.09 350.447
323.827 317.934 331.988 319.561
178.356 154.687 173.87 217.521
185.806 56.9957 178.401 153.079
187.807 52.6941 186.454 69.256
178.288 198.691 176.381 228.809
159.946 72.8818 161.464 157.6
159.572 65.0684 159.539 71.3842
159.183 48.8796 159.498 63.499
156.302 44.2278 156.275 53.09
154.178 41.2711 166.075 42.6341
169.525 25.2407 166.661 45.9335
169.913 20.4457 166.739 27.151
178.501 19.8303 170.723 23.6424
176.64 18.7348 171.463 20.3567
170.999 27.1099 172.102 29.6037
184.124 22.9292 174.967 31.0726
166.782 14.3441 163.111 36.3216
171.853 4.60505 167.978 13.047
163.532 36.8545 169.493 56.7219
170.51 58.1585 183.014 66.3796
-3.15949e-05 40.9186 152.453 40.9406
157.351 48.7221 158.292 73.9322
159.365 135.005 161.012 216.929
155.936 201.471 156.611 221.182
203.453 309.618 205.309 331.927
45.6453 379.764 39.9998 379.996
76.8778 377.946 46.7382 378.762
78.2008 376.2 72.4118 377.592
142.825 381.667 51.388 381.787
165.192 321.535 165.406 361.282
165.32 310.353 163.859 317.517
164.543 304.011 165.39 308.594
177.516 314.547 170.649 316.898
163.018 362.633 108.927 364.292
80.378 362.223 107.447 362.25
86.0243 317.789 78.0885 360.944
27.3758 399.363 82.8218 399.712
71.2762 0.151906 79.4297 15.4926
76.4468 6.20504 88.0142 23.5548
84.4463 26.0633 89.3693 33.5228
166.948 286.873 159.06 287.63
112.031 446.547 11.5533 446.689
113.741 447.238 122.885 447.496
122.911 448.421 128.71 450.005
18.8171 450.162 134.246 452.844
229.582 398.498 192.486 399.794
204.653 394.951 200.44 398.168
171.508 432.887 170.796 443.026
173.367 436.456 183.758 436.742
172.784 445.688 181.796 445.917
310.581 109.201 313.757 114.295
270.815 446.621 277.388 458.272
276.085 458.808 276.901 467.789
277.478 466.563 280.385 470.737
-0.246649 207.163 23.1348 232.952
23.8341 234.58 37.9516 244.754
23.2476 238.181 27.3064 240.147
33.4694 238.369 36.617 242.427
202.034 170.983 211.379 175.291
202.245 168.383 200.032 169.313
203.341 170.221 222.215 176.081
305.621 204.445 331.841 262.976
2.94669 425.462 85.5021 427.305
151.21 427.243 81.0065 430.061
7.53864 422.733 0.432282 425.263
17.0007 483.576 26.4931 483.844
323.429 27.1917 302.498 70.9366
331.674 15.1197 326.12 26.17
302.997 72.5404 308.646 81.577
134.668 216.898 139.22 221.908
132.586 209.835 134.034 217.959
134.72 205.529 131.702 208.298
137.843 198.313 131.999 204.751
141.625 196.43 138.539 196.681
137.277 194.668 143.336 194.738
143.92 197.304 147.221 206.855
144.244 203.585 146.374 207.746
145.912 208.236 146.847 223.377
149.5 219.366 147.362 225.562
139.979 204.096 134.405 206.642
140.958 205.19 144.154 206.666
141.897 207.446 143.938 208.777
147.641 196.153 148.03 205.999
140.499 221.448 144.336 221.776
165.89 463.496 166.695 467.924
167.615 456.242 166.466 460.718
158.218 469.294 159.121 472.97
146.657 466.004 156.472 469.602
144.575 463.985 146.4 468.141
145.853 458.049 145.172 463.501
146.724 457.118 158.452 457.905
162.678 457.764 160.121 464.933
161.959 463.462 163.692 470.803
147.496 470.095 152.998 472.977
152.666 473.812 156.7 475.802
185.541 474.259 161.047 476.51
323.968 245.915 292.615 273.932
256.777 29.9269 254.362 37.2756
138.761 286.512 145.099 287.271
132.868 282.537 140.331 283.253
103.162 436.505 58.003 436.75
115.221 436.665 104.919 436.926
56.4892 437.395 43.0088 438.785
236.62 367.11 242.425 386.699
312.83 250.838 306.742 257.241
318.402 245.218 312.379 248.3
307.76 254.903 301.825 255.318
304.734 247.641 283.611 259.401
307.273 246.835 305.877 251.478
316.763 239.497 307.976 245.747
179.59 494.982 184.851 496.031
178.659 493.587 176.492 495.887
175.008 494.819 171.548 499.27
230.985 428.177 233.726 435.156
234.435 438.637 247.768 441.384
251.043 440.516 245.101 451.151
109.366 498.325 113.532 498.943
98.557 495.466 110.423 497.094
88.3979 492.302 104.625 494.742
55.8635 490.073 97.1138 494.853
50.8331 493.364 67.3613 493.617
49.4628 493.644 45.3884 495.752
59.9341 495.212 69.8389 499.079
190.022 363.673 224.288 364.055
80.0073 430.247 35.0104 431.193
27.5634 428.909 33.4991 429.217
173.293 405.003 174.081 408.41
241.666 -0.365584 240.162 4.87315
161.418 313.677 150.898 318.581
158.11 312.373 162.613 312.875
162.92 309.898 93.9354 310.005
151.096 319.855 151.559 327.553
150.387 327.798 157.241 331.065
156.187 316.892 163.254 328.745
163.061 348.001 122.503 348.585
125.679 347.279 88.0872 347.399
308.235 325.632 319.835 328.427
324.44 327.441 320.244 328.971
231.362 37.1543 239.963 37.7038
222.598 26.9312 228.541 36.9007
229.216 18.5399 228.943 25.7581
226.8 16.2046 234.578 17.3752
225.242 15.108 220.75 15.2937
220.084 14.1225 218.677 16.6866
219.403 10.1407 214.448 18.6341
226.547 39.4487 224.036 44.9334
216.767 35.1895 223.529 37.1715
222.286 49.5104 216.902 51.8859
213.987 56.6853 218.48 56.8202
212.029 59.6632 216.098 62.97
216.986 63.4365 222.229 67.7341
222.867 68.2302 224.607 72.1303
221.141 75.3494 216.254 78.9198
211.349 82.8878 206.88 84.7055
209.951 87.6793 206.177 90.5193
223.128 86.4831 219.131 89.0103
227.108 80.4451 223.372 85.1131
231.167 74.2429 225.737 79.5136
234.898 71.0662 232.437 74.8837
239.773 60.38 238.035 69.4205
245.542 46.9026 242.25 67.6849
245.103 43.6479 243.32 47.7117
218.851 90.5238 216.703 99.3009
209.741 90.9602 205.731 92.6128
194.211 93.5745 206.131 94.0145
240.602 37.5723 243.602 38.1611
313.605 230.091 279.764 249.16
289.804 388.986 290.103 395.491
289.85 383.699 288.603 389.435
288.254 397.106 294.573 411.94
320.205 0.0849783 304.055 38.9719
306.363 38.4054 302.627 41.8188
302.473 42.5838 296.273 56.2709
295.83 54.9694 292.029 55.8781
0.0444841 37.9075 162.5 38.1561
180.865 211.467 178.598 226.249
40.4992 462.566 29.9981 462.82
289.802 363.004 245.029 366.494
289.708 361.339 283.689 361.642
298.54 361.617 291.247 362.263
308.516 358.568 300.132 361.809
331.985 357.576 304.994 360.755
233.699 4.27812 235.7 11.634
73.1003 371.04 76.8546 371.354
265.013 111.726 251.419 112.083
247.095 76.952 238.591 78.5165
161.505 407.967 35.1209 411.172
47.1477 409.03 24.7955 411.891
167.213 404.562 50.2104 405.909
167.393 408.277 162.94 408.612
18.4888 370.627 31.9588 371.643
183.742 41.6565 179.988 46.9978
185.038 35.481 184.036 40.8079
182.598 34.6859 172.526 37.1757
174.934 34.9532 169.365 37.9507
180.866 44.3611 175.91 47.99
169.831 40.7667 171.7 46.5622
172.724 48.4159 178.906 48.9038
172.177 49.3793 178.106 51.1508
179.683 51.2877 183.157 52.0901
140.859 208.361 136.555 210.55
195.085 492.997 195.304 498.996
192.405 410.947 202.496 411.575
215.666 406.754 209.486 413.223
84.9961 403.245 32.5181 404.047
103.828 400.26 83.397 402.396
10.1096 400.897 26.6335 402.707
273.254 474.624 274.717 485.273
274.712 486.982 283.749 499.032
124.828 244.89 121.279 249.54
132.407 243.005 120.161 246.334
126.373 259.789 132.834 262.029
137.318 261.772 128.859 262.169
313.324 237.387 291.655 246.875
315.723 232.953 313.668 240.198
289.445 245.959 284.288 249.374
293.837 337.339 288.441 338.978
318.227 94.6237 316.418 103.35
315.154 91.3471 316.853 93.9558
313.599 86.0279 313.78 90.5286
320.066 92.9407 319.58 101.745
322.25 101.301 331.131 117.118
65.1484 205.935 62.0227 220.776
319.738 395.671 331.806 401.497
326.752 467.991 328.132 473.559
141.714 211.864 138.119 214.454
205.296 118.2 200.194 121.539
117.145 216.877 119.719 218.418
118.509 219.101 121.714 224.382
152.043 202.732 151.408 208.753
152.507 195.193 152.029 201.177
153.867 172.495 155.935 199.954
152.529 43.4147 155.685 170.968
151.896 209.134 149.397 217.771
234.221 50.004 235.128 55.9806
240.17 48.0695 233.166 63.1647
224 367.617 200.001 368.052
204.289 298.503 204.216 303.999
49.4989 473.475 91.5182 473.6
0.767578 86.7537 23.6738 126.395
22.3707 121.507 27.2594 129.531
27.7176 131.112 30.5198 134.92
53.7531 134.179 32.6143 134.792
52.0697 132.384 58.0697 132.384
58.0824 130.608 62.5644 131.416
44.7126 128.6 32.2773 132.637
253.932 403.721 260.275 417.103
238.959 91.6522 232.998 91.8087
314.685 232.087 306.344 235.571
79.6085 201.964 83.7454 203.723
78.3332 198.207 79.3333 201.036
72.0818 201.025 76.807 201.452
94.5107 194.197 63.0979 194.214
232.608 446.484 234.127 475.521
238.336 435.427 249.891 438.855
178.083 37.1688 173.121 39.6121
326.286 373.599 328.744 380.869
198.399 243.269 195.839 261.246
326.642 379.47 325.767 383.652
326.061 382.253 330.024 388.941
200.481 60.5469 197.506 62.0296
201.77 49.5467 200.095 58.8593
193.746 60.3845 197.384 62.7622
196.1 52.8811 195.15 56.2757
198.296 65.1786 204.205 66.2205
214.284 65.0493 207.484 67.567
212.858 69.517 204.963 72.0607
193.512 72.0946 203.975 72.258
191.564 53.9463 189.872 73.5978
189.394 55.4041 187.187 84.1516
189.752 75.113 181.87 163.535
328.483 360.802 318.956 362.458
297.431 439.884 309.183 440.866
315.019 441.294 311.918 442.419
316.358 435.317 315.904 439.714
307.347 421.646 314.976 434.641
298.166 415.77 304.395 420.44
298.511 398.782 295.798 404.047
319.75 273.442 293.431 279.302
325.966 269.557 320.48 274.572
328.55 264.186 326.866 268.291
295.406 454.944 302.624 476.021
227.243 431.069 218.38 432.632
232.42 380.643 216.253 382.147
204.242 378.99 211.851 380.007
194.964 378.396 202.48 379.467
195.213 297.03 186.112 302.266
159.019 223.389 164.801 224.883
297.39 82.9312 298.245 88.004
292.049 75.83 296.184 82.2343
297.88 58.7156 291.587 73.9692
299.485 85.8968 302.094 92.9662
137.174 264.067 129.578 267.677
141.136 265.533 149.312 269.52
195.283 270.531 62.0575 272.99
132.105 263.221 129.928 267.204
125.101 263.874 59.2486 265.233
57.3504 266.206 51.3493 266.218
4.37594 413.775 101.569 414.097
75.9339 -0.330559 77.2625 4.81976
328.195 454.188 329.924 458.034
113.009 238.018 95.0331 239.329
215.389 43.6995 222.66 45.0584
212.669 40.0734 218.736 42.9296
179.32 398.253 173.502 398.348
119.451 490.061 139.173 492.296
140.328 493.824 144.806 495.235
187.221 381.318 187.619 386.937
149.156 46.99 152.35 97.0855
310.595 419.158 316.816 429.174
318.44 429.325 323.461 431.737
323.722 432.483 327.006 437.525
326.566 427.871 329.748 434.598
297.231 93.7239 277.99 93.84
294.674 96.0473 303.408 101.419
298.804 102.871 304.791 105.42
285.888 100.401 292.555 100.833
280.965 100.199 286.138 101.097
304.338 105.623 309.868 116.512
102.165 424.076 59.8076 425.585
297.89 452.008 299.752 461.051
303.977 244.797 284.235 255.453
238.138 79.835 237.167 85.7462
236.045 84.6388 238.137 88.4841
171.033 340.992 170.593 360.316
173.566 331.686 172.461 337.144
169.181 326.321 173.524 330.51
170.519 327.372 165.813 330.604
168.787 363.109 181.029 363.779
230.088 134.867 231.329 143.426
230.59 125.87 228.849 135.005
234.375 120.398 231.868 132.987
236.632 114.68 231.901 120.602
230.869 146.272 226.494 152.351
209.783 415.987 219.968 425.036
195.854 448.506 196.806 455.037
280.824 441.55 281.386 447.501
286.504 434.855 281.634 440.613
147.553 369.648 111.513 369.927
114.785 336.161 157.87 336.618
149.758 337.75 160.469 338.847
149.798 329.748 155.867 334.093
148.042 330.082 131.453 330.231
149.264 332.059 86.0548 332.643
84.8436 337.205 113.282 337.785
288.435 411.294 291.433 416.345
288.827 406.466 290.704 413.702
284.414 404.877 289.851 406.354
292.527 416.62 296.623 418.546
183.463 214.03 187.743 220.339
183.037 212.722 184.994 223.522
187.614 221.152 187.435 225.113
184.057 224.549 185.441 226.453
183.836 227.537 178.946 231
104.446 368.628 80.4916 369.833
58.3359 179.665 74.4643 183.648
49.399 168.462 54.408 173.521
47.0141 161.33 50.3424 166.492
51.5865 165.973 55.1491 170.363
42.0883 163.698 57.0924 189.707
-0.154664 90.5181 41.1401 164.348
83.2853 185.294 73.948 185.329
328.865 276.45 300.458 286.073
330.72 270.952 331.305 275.179
123.997 430.686 30.7843 435.925
125.448 432.649 150.833 434.403
156.846 431.9 152.422 432.821
162.804 430.356 162.621 435.157
162.008 490.37 153.157 492.803
172.793 11.354 178.713 15.7047
171.008 13.7937 168.028 20.7313
62.0761 185.635 76.9925 187.618
150 455.141 159 455.16
193.381 253.16 192.186 257.625
193.729 262.536 190.066 265.166
194.95 265.991 172.905 269.367
176.764 264.707 165.282 264.95
138.821 261.974 181.132 262.411
146.576 262.59 149.074 264.211
163.755 264.227 151.742 264.34
282.658 390.823 285.876 394.164
185.245 6.70459 188.143 10.901
142.918 44.2113 147.049 45.8797
204.76 416.186 194.516 416.858
84.5 358.674 162.499 358.81
61.8136 233.258 65.5519 238.557
57.0946 226.572 60.7433 229.739
73.6927 238.339 67.4972 238.503
90.1939 236.386 75.1939 236.386
91.6939 237.886 97.6939 237.886
135.488 397.239 133.033 399.045
131.52 399.237 122.343 399.428
138.623 402.822 102.645 403.199
165.759 401.421 138.657 402
183.918 206.438 187.184 208.903
185.293 201.336 184.963 205.657
182.473 192.821 182.887 200.329
184.569 191.579 184.931 197.587
188.435 209.214 194.373 210.606
195.026 280.685 169.197 282.577
179.755 254.113 181.048 256.919
164.291 250.701 177.835 251.505
160.723 254.717 178.775 256.323
332.258 301.486 297.347 301.78
309.545 223.466 284.045 228.732
285.639 230.806 279.693 235.512
279.109 237.039 273.945 244.521
291.726 231.292 280.951 236.642
308.407 225.759 278.605 240.5
312.64 93.1608 310.482 97.0432
234.926 94.5498 232.973 103.303
223.145 46.4984 220.025 47.2762
171.999 219.124 165.971 219.19
159.944 218.666 165.803 220.088
304.416 221.296 282.11 226.778
303.041 217.519 266.599 230.242
177.984 460.797 167.49 461.612
184.27 456.983 179.369 460.693
315.922 371.03 321.286 376.327
324.697 262.81 312.415 271.537
311.978 271.129 294.01 276.548
118.574 268.725 64.6858 271.438
127.72 269.334 120.095 270.268
117.306 264.996 61.8359 268.857
60.2475 268.61 56.0197 269.76
205.545 436.656 194.859 437.315
210.401 425.393 211.506 432.794
20.4404 415.538 94.1102 418.273
240.04 403.743 245.76 407.284
265.778 341.374 235.381 350.179
263.128 343.473 267.711 343.682
155.567 314.43 150.114 319.056
281.336 335.8 271.994 339.987
288.645 333.651 284.351 334.649
299.806 333.301 290.263 334.142
288.255 444.411 285.043 446.442
181.297 42.2463 176.703 44.8472
241.604 44.8796 235.961 49.8011
180.528 306.129 173.095 307.106
170.569 306.777 169.744 312.662
171.185 304.697 166.77 305.772
99.4999 249.912 62.0617 249.938
101 251.205 114.563 251.309
97.9882 247.121 120.442 247.808
95.4039 244.964 98.3741 245.611
93.798 245.099 66.833 245.591
195.031 273.2 63.8428 275.994
65.5953 275.411 59.5134 275.508
145.683 53.652 148.149 60.8401
147.584 49.8501 147.695 55.0828
140.466 48.8356 148.577 64.2094
138.448 53.9704 144.96 66.3974
136.767 45.4489 141.62 53.3709
130.238 44.5965 134.826 46.0288
119.506 44.1956 131.123 45.3224
140.193 60.9826 144.292 70.2665
148.016 324.135 86.872 326.103
139.681 321.838 87.1572 322.118
226.302 17.606 224.424 24.8011
258.056 118.851 264.905 120.882
61.4701 176.476 67.3952 176.727
66.9833 178.523 82.9146 179.033
69.8027 174.871 75.0963 176.768
207.928 196.85 218.032 197.723
217.799 193.02 209.331 196.003
217.38 3.67146 210.033 13.7646
173.96 439.451 180.033 439.988
247.929 129.46 248.488 135.527
252.589 122.19 247.665 125.501
254.092 122.207 265.904 124.235
84.4538 340.739 162.361 340.832
270.178 486.958 274.438 493.374
268.463 464.518 271.036 485.199
29.3705 436.917 22.3168 439.838
157.908 186.002 158.2 216.001
226.152 479.515 217.467 481.114
226.97 476.186 215.142 477.787
222.673 482.166 211.738 482.345
210.41 483.484 204.314 483.762
207.18 480.039 200.119 483.236
202.288 484.465 198.125 486.438
239.421 481.272 224.23 482.921
182.06 256.773 186.507 259.436
184.446 260.733 185.521 263.811
45.7086 244.989 44.8891 247.554
124.594 204.809 125.484 212.173
288.129 461.722 287.887 471.336
287.581 180.677 292.447 183.521
287.143 181.538 282.131 183.249
315.656 470.528 313.073 475.941
310.691 472.725 314.094 480.039
317.961 485.606 320.263 489.477
124.693 468.29 104.694 469.919
76.5592 351.995 71.9043 361.318
25.9097 162.11 40.5467 184.75
234.773 445.891 246.96 446.377
235.901 449.794 243.473 450.969
209.65 123.851 220.035 134.941
209.256 124.728 200.22 125.003
217.439 16.4507 218.366 25.4155
221.187 24.1255 216.902 27.1467
224.102 17.1081 220.656 22.5313
208.187 25.7046 213.937 28.8465
239.965 69.8284 245.985 70.0983
317.888 467.954 322.371 469.089
313.104 460.583 315.579 460.842
64.9277 294.033 126.629 296.027
304.536 258.261 293.487 266.61
293.777 268.394 287.925 269.3
117.089 194.375 96.0115 194.47
114.434 195.199 121.82 196.502
241.685 100.151 242.272 107.636
79.1962 16.8988 81.9516 22.2418
18.0157 367.841 32.9074 368.747
218.417 110.381 215.647 111.434
217.802 106.124 208.131 112.308
222.409 101.503 218.663 106.639
316.335 182.265 324.567 200.37
77.3607 303.623 71.9607 330.07
70.4815 328.905 63.5592 340.596
257.429 80.7025 259.366 89.4588
255.013 379.124 258.019 385.992
255.844 368.382 254.624 379.078
253.123 367.738 243.081 368.869
256.784 372.867 261.223 378.738
260.66 379.711 268.014 388.282
267.361 388.941 268.133 394.943
257.692 387.483 257.665 393.513
257.222 395.793 250.174 398.358
147.838 319.039 87.9705 319.077
252.407 141.223 252.729 154.56
251.398 152.806 250.266 157.558
249.339 155.491 248.305 159.137
249.979 164.414 246.76 167.82
265.96 153.747 259.432 157.974
273.23 142.572 273.67 148.565
271.936 136.76 276.978 148.267
263.326 196.167 262.739 199.022
91.0487 296.687 119.533 297.862
163.316 343.556 83.5884 344.076
309.627 227.982 277.728 247.374
94.5093 0.117045 88.4185 0.22449
253.453 418.807 254.186 433.991
252.968 408.521 254.855 417.346
257.401 435.948 260.064 437.333
268.708 418.968 272.138 423.027
266.648 408.276 269.341 411.864
266.036 408.475 263.205 409.174
273.444 423.054 275.049 426.62
276.726 428.176 273.745 428.469
276.178 420.105 278.677 427.287
275.61 434.588 276.564 439.23
271.228 425.086 273.566 433.834
274.964 441.767 276.005 447.676
318.245 475.973 321.361 478.755
46.617 252.613 49.5376 256.036
294.119 5.22991 289.566 16.7638
291.864 18.2573 298.263 26.6996
247.192 373.7 251.529 394.371
192.863 204.536 195.446 206.069
241.092 357.171 242.681 364.564
281.715 154.681 288.401 179.214
281.628 376.946 280.091 382.931
281.301 383.138 278.716 386.732
279.035 383.097 275.189 387.612
17.027 147.014 19.1425 149.719
18.6589 143.789 21.1314 146.879
17.6992 143.056 14.1823 143.635
122 302.771 92.0006 302.98
33.016 140.072 69.0151 140.815
70.5296 140.675 90.1105 192.639
69.6964 142.439 72.2231 148.243
216.093 341.698 200.911 342.646
210.685 -0.325677 204.144 11.979
213.58 -0.243981 209.919 6.3946
201.079 12.6839 204.713 13.343
229.468 497.392 223.636 498.599
237.025 496.168 230.969 497.653
238.403 495.361 246.883 498.791
205.614 381.626 192.362 382.186
182.312 321.924 178.42 322.64
175.481 322.182 178.313 323.171
174.817 320.437 170.307 320.924
106.492 279.145 62.9876 280.749
0.935507 150.359 11.5191 164.928
13.1705 165.491 17.7214 171.554
15.7915 170.983 30.6076 193.532
316.577 442.291 319.531 449.127
104.059 376.408 128.083 376.707
331.638 71.9434 326.132 83.8285
323.45 87.6325 320.334 91.1297
187.061 393.997 187.253 402.999
